47,5
50,5
101,5
151,5
157,5
163,5
216,5
231,5
260,5
333,5
362,5
457,5
527,5
553,5
596,5
608,5
661,5
919,5
923,5
940,5
954,5
1023,5
1024,5
1025,5
1029,5
1031,5
1032,5
1049,5
1073,5
1080,5
1089,5
1092,5
1097,5
1136,5
1196,5
1197,5
1198,5
1206,5
1210,5
1213,5
1220,5
1222,5
1224,5
1226,5
1240,5
1256,5
1270,5
1275,5
1278,5
1282,5
1291,5
1298,5
1517,5
1573,5
1587,5
1617,5
1625,5
1732,5
1804,5
1927,5
1954,5
2005,5
2018,5
2033,5
2048,5
2058,5
2078,5
2090,5
2094,5
2115,5
2116,5
2137,5
2139,5
2141,5
2161,5
2291,5
2329,5
2353,5
2387,5
2395,5
2427,5
2459,5
2470,5
2502,5
2529,5
2542,5
2571,5
2580,5
2596,5
2641,5
2654,5
2692,5
2700,5
2716,5
2761,5
2858,5
2872,5
2899,5
2944,5
2947,5
2948,5
2949,5
2959,5
2987,5
2991,5
2993,5
3033,5
3034,5
3052,5
3053,5
3147,5
3253,5
3273,5
3386,5
3441,5
3448,5
3450,5
3578,5
3671,5
3702,5
3703,5
3729,5
3793,5
5060,5
60756,5
80906,5
89774,5
106782,5
122882,5
131724,5
849,5
2851,5
3703,5
4518,5
5181,5
5746,5
5919,5
6835,5
7991,5
70946,5
125,5
162,5
176,5
215,5
232,5
260,5
265,5
319,5
342,5
457,5
475,5
492,5
538,5
593,5
608,5
898,5
908,5
910,5
912,5
914,5
919,5
920,5
930,5
1046,5
1077,5
1080,5
1084,5
1086,5
1103,5
1136,5
1188,5
1196,5
1197,5
1203,5
1250,5
1282,5
1283,5
1449,5
1733,5
1834,5
1947,5
1967,5
2078,5
2150,5
2174,5
2186,5
2204,5
2390,5
2583,5
2599,5
2692,5
2791,5
2843,5
2858,5
2926,5
3044,5
3083,5
3365,5
3508,5
3851,5
4034,5
4239,5
4765,5
4967,5
58,5
247,5
290,5
296,5
475,5
527,5
590,5
594,5
595,5
596,5
3,5
5,5
22,5
36,5
86,5
110,5
160,5
168,5
230,5
248,5
257,5
262,5
277,5
314,5
316,5
318,5
333,5
337,5
349,5
350,5
356,5
364,5
368,5
377,5
432,5
457,5
480,5
500,5
553,5
587,5
588,5
590,5
595,5
616,5
709,5
736,5
780,5
783,5
830,5
1049,5
260,5
356,5
466,5
480,5
593,5
1219,5
1240,5
1270,5
1584,5
2019,5
2529,5
3869,5
5618,5
34,5
50,5
185,5
253,5
318,5
357,5
364,5
380,5
527,5
590,5
923,5
1198,5
1270,5
2300,5
4993,5
5481,5
5902,5
5952,5
7458,5
8533,5
8869,5
33794,5
49272,5
49286,5
71579,5
79091,5
81845,5
91529,5
92259,5
96079,5
136020,5
140110,5
6,5
110,5
150,5
349,5
356,5
457,5
529,5
593,5
1101,5
1408,5
1584,5
1693,5
1721,5
1784,5
2028,5
168,5
222,5
256,5
838,5
1357,5
1721,5
2072,5
2485,5
2572,5
2581,5
2717,5
3668,5
6942,5
8533,5
40629,5
63992,5
47,5
1198,5
2571,5
3578,5
3996,5
4011,5
47,5
95,5
110,5
266,5
282,5
337,5
509,5
260,5
318,5
356,5
527,5
589,5
1196,5
1200,5
1210,5
1214,5
1270,5
2001,5
2011,5
2150,5
3147,5
3156,5
3510,5
3578,5
4720,5
4995,5
5989,5
33493,5
84152,5
122886,5
152077,5
166528,5
1199,5
260,5
296,5
318,5
356,5
858,5
1196,5
1201,5
1206,5
1210,5
1240,5
1732,5
2571,5
5618,5
5952,5
6350,5
7099,5
50,5
318,5
923,5
1201,5
1203,5
1209,5
1221,5
353,5
551,5
589,5
592,5
903,5
904,5
913,5
1097,5
1197,5
1198,5
1285,5
1291,5
1372,5
1374,5
1527,5
1658,5
1967,5
2723,5
2918,5
2959,5
2968,5
2987,5
3070,5
3358,5
3396,5
3477,5
48,5
364,5
551,5
588,5
594,5
595,5
661,5
720,5
919,5
1025,5
1073,5
1097,5
1148,5
1380,5
1907,5
1947,5
2005,5
2081,5
2083,5
2135,5
2300,5
2394,5
2657,5
2709,5
2804,5
2987,5
3034,5
3114,5
3159,5
3396,5
3397,5
3398,5
3549,5
3751,5
4039,5
4246,5
4306,5
4993,5
4995,5
5218,5
5618,5
5952,5
5991,5
6345,5
10,5
370,5
1270,5
1722,5
2011,5
2012,5
2706,5
3082,5
5872,5
7573,5
47997,5
318,5
356,5
541,5
1193,5
1952,5
3489,5
7438,5
49272,5
541,5
1212,5
1222,5
1232,5
1233,5
1258,5
1284,5
3949,5
6440,5
7587,5
260,5
527,5
1198,5
2028,5
2571,5
3578,5
4993,5
5952,5
7153,5
58559,5
60069,5
68157,5
68954,5
79132,5
91529,5
116797,5
122912,5
177593,5
180095,5
187593,5
34,5
62,5
356,5
745,5
911,5
1035,5
1097,5
1148,5
1197,5
1198,5
1207,5
1262,5
1270,5
1287,5
1721,5
1947,5
2150,5
2151,5
2478,5
2565,5
2628,5
3451,5
3489,5
2021,5
7842,5
53123,5
72998,5
924,5
953,5
1201,5
1250,5
1272,5
1408,5
1617,5
2028,5
3578,5
5995,5
27611,5
68237,5
82459,5
110,5
260,5
318,5
1196,5
1198,5
1210,5
1291,5
2571,5
4993,5
5952,5
7153,5
33794,5
58559,5
59315,5
60069,5
68358,5
68954,5
79132,5
91529,5
93510,5
95510,5
96821,5
109487,5
111759,5
112852,5
115617,5
122904,5
1,5
377,5
588,5
648,5
733,5
784,5
912,5
1036,5
1057,5
1197,5
1278,5
1282,5
1361,5
1363,5
1391,5
5060,5
50,5
58,5
194,5
260,5
265,5
272,5
296,5
318,5
345,5
497,5
538,5
592,5
593,5
608,5
912,5
1036,5
1073,5
1104,5
1197,5
1198,5
1391,5
28,5
36,5
39,5
50,5
110,5
265,5
296,5
307,5
337,5
339,5
356,5
428,5
446,5
457,5
509,5
527,5
562,5
588,5
593,5
613,5
838,5
914,5
919,5
994,5
1060,5
1210,5
1245,5
1249,5
1280,5
1446,5
1545,5
1617,5
1639,5
1641,5
1653,5
1673,5
1678,5
1704,5
1719,5
1923,5
2028,5
2355,5
2357,5
2571,5
2580,5
2943,5
10,5
2273,5
3793,5
3996,5
4446,5
5349,5
6333,5
6539,5
6618,5
6711,5
6874,5
8636,5
27801,5
45499,5
21,5
50,5
60,5
62,5
150,5
185,5
261,5
339,5
590,5
150,5
165,5
231,5
296,5
316,5
344,5
593,5
671,5
1061,5
11,5
50,5
110,5
151,5
223,5
246,5
318,5
357,5
457,5
497,5
527,5
50,5
260,5
296,5
593,5
608,5
1089,5
1196,5
1197,5
1200,5
1210,5
1214,5
1215,5
1219,5
1221,5
1248,5
1258,5
1291,5
1387,5
1584,5
1729,5
1921,5
1968,5
2118,5
2342,5
2366,5
2391,5
2571,5
2580,5
2599,5
2692,5
2700,5
2762,5
2858,5
2997,5
3000,5
3019,5
3213,5
3328,5
3362,5
3481,5
3911,5
1,5
17,5
34,5
62,5
82,5
111,5
150,5
163,5
203,5
223,5
230,5
265,5
272,5
281,5
296,5
300,5
306,5
307,5
308,5
314,5
318,5
337,5
350,5
364,5
431,5
491,5
514,5
553,5
685,5
296,5
1206,5
1258,5
1259,5
1721,5
2160,5
2712,5
3948,5
4022,5
4816,5
4848,5
4878,5
6287,5
6763,5
6874,5
7173,5
7293,5
7438,5
55820,5
87869,5
104879,5
116897,5
10,5
11,5
16,5
22,5
50,5
150,5
223,5
253,5
260,5
288,5
296,5
333,5
356,5
550,5
553,5
555,5
593,5
597,5
648,5
805,5
858,5
912,5
924,5
1060,5
1089,5
1090,5
1093,5
1101,5
1124,5
1197,5
1210,5
1213,5
1221,5
1222,5
1231,5
1245,5
1246,5
1265,5
1378,5
1379,5
1500,5
1517,5
1653,5
1673,5
1704,5
1722,5
1784,5
2000,5
2023,5
2028,5
2081,5
2278,5
2329,5
2371,5
2372,5
2376,5
2423,5
2478,5
2502,5
2541,5
2571,5
2706,5
2712,5
2763,5
2791,5
2871,5
2989,5
2990,5
3082,5
3100,5
3448,5
3450,5
3502,5
3755,5
3841,5
4002,5
4007,5
4034,5
4041,5
4102,5
4262,5
4321,5
4351,5
4482,5
4489,5
4509,5
4564,5
1,5
3,5
5,5
7,5
8,5
23,5
29,5
34,5
48,5
57,5
60,5
79,5
102,5
107,5
150,5
153,5
158,5
165,5
168,5
174,5
217,5
238,5
256,5
261,5
262,5
271,5
276,5
277,5
292,5
325,5
329,5
355,5
356,5
362,5
364,5
367,5
374,5
382,5
419,5
420,5
434,5
435,5
442,5
457,5
484,5
500,5
502,5
519,5
520,5
552,5
575,5
587,5
588,5
589,5
592,5
594,5
595,5
596,5
597,5
609,5
610,5
616,5
631,5
648,5
661,5
711,5
783,5
788,5
810,5
828,5
1064,5
1073,5
1084,5
1105,5
1356,5
112,5
260,5
733,5
737,5
1210,5
1429,5
1476,5
1639,5
50,5
104,5
110,5
150,5
165,5
216,5
223,5
231,5
260,5
296,5
356,5
362,5
364,5
474,5
543,5
588,5
589,5
595,5
858,5
1035,5
1059,5
1060,5
1097,5
1136,5
1196,5
1197,5
1210,5
1213,5
1242,5
1246,5
1258,5
1282,5
1291,5
1302,5
1372,5
1393,5
1517,5
1573,5
1584,5
1704,5
1732,5
1866,5
1921,5
1923,5
2006,5
2028,5
2078,5
2081,5
2083,5
2106,5
2231,5
2268,5
2324,5
2329,5
2355,5
2431,5
2502,5
2571,5
2580,5
2657,5
2694,5
2700,5
2762,5
2771,5
2858,5
2890,5
2918,5
2959,5
3114,5
3147,5
3552,5
3578,5
3717,5
3753,5
3793,5
3798,5
3972,5
3996,5
4011,5
4016,5
4022,5
4299,5
4306,5
4308,5
4369,5
4718,5
4734,5
4886,5
4901,5
4963,5
4993,5
5283,5
5349,5
5378,5
5418,5
5500,5
5502,5
5528,5
5630,5
5989,5
6287,5
6333,5
6365,5
6377,5
6539,5
7173,5
8360,5
8528,5
8665,5
33493,5
33679,5
50872,5
53322,5
54272,5
1,5
50,5
110,5
173,5
266,5
292,5
339,5
364,5
380,5
454,5
457,5
588,5
590,5
593,5
595,5
3147,5
47423,5
51931,5
112552,5
112804,5
1580,5
2115,5
2571,5
4886,5
70,5
76,5
111,5
236,5
247,5
260,5
497,5
551,5
589,5
593,5
804,5
924,5
953,5
965,5
1079,5
1093,5
1196,5
1200,5
1214,5
1215,5
1224,5
1235,5
1243,5
1249,5
1272,5
1276,5
1298,5
1302,5
1304,5
1371,5
1373,5
1500,5
1580,5
1639,5
1645,5
1663,5
1674,5
1784,5
1845,5
1873,5
1953,5
1967,5
1997,5
1999,5
2140,5
2183,5
2194,5
2248,5
2249,5
2301,5
2302,5
2321,5
2375,5
2580,5
2613,5
2762,5
2788,5
2797,5
2901,5
3070,5
3107,5
3108,5
3115,5
3148,5
3361,5
3388,5
3421,5
3471,5
3481,5
3489,5
3671,5
3683,5
3814,5
3863,5
3917,5
3918,5
3949,5
3969,5
3994,5
4002,5
4014,5
4034,5
4262,5
4437,5
4713,5
4865,5
5377,5
5816,5
5956,5
6502,5
6708,5
6807,5
6873,5
7000,5
7160,5
7438,5
7569,5
7983,5
8464,5
8533,5
8874,5
34338,5
39183,5
42723,5
47997,5
48774,5
48877,5
51662,5
54001,5
56367,5
59615,5
60074,5
60487,5
318,5
356,5
364,5
588,5
733,5
1210,5
1704,5
1923,5
2571,5
4901,5
5064,5
5418,5
7153,5
7445,5
8665,5
8874,5
30749,5
36529,5
37733,5
39444,5
40583,5
44191,5
46976,5
47200,5
47610,5
47997,5
48304,5
49272,5
49530,5
51255,5
51662,5
52328,5
54286,5
54736,5
54995,5
54997,5
54999,5
55118,5
55276,5
57368,5
57669,5
58559,5
58998,5
61132,5
63082,5
68358,5
69122,5
70286,5
73017,5
76093,5
79132,5
86892,5
89745,5
93721,5
95167,5
96811,5
110501,5
112138,5
112852,5
122882,5
122886,5
122900,5
122904,5
134130,5
134853,5
152081,5
203,5
249,5
381,5
413,5
481,5
748,5
880,5
916,5
922,5
1049,5
1100,5
1125,5
1256,5
1298,5
1441,5
1982,5
2616,5
2686,5
3100,5
4019,5
2542,5
3275,5
4011,5
27831,5
48516,5
19,5
47,5
231,5
344,5
356,5
364,5
480,5
593,5
1,5
50,5
235,5
260,5
457,5
480,5
527,5
541,5
593,5
595,5
720,5
750,5
858,5
899,5
904,5
908,5
912,5
913,5
915,5
923,5
924,5
955,5
1136,5
1148,5
1197,5
1198,5
1201,5
1204,5
1212,5
1221,5
1234,5
1243,5
1248,5
1250,5
1252,5
1256,5
1265,5
1275,5
1276,5
1283,5
1284,5
1287,5
1288,5
1304,5
1374,5
1617,5
1653,5
2000,5
2019,5
2028,5
2067,5
2081,5
2202,5
2324,5
2396,5
2571,5
2716,5
2762,5
2791,5
2858,5
2918,5
2921,5
3022,5
3030,5
3066,5
3108,5
3334,5
3471,5
3494,5
3836,5
7,5
32,5
39,5
47,5
50,5
110,5
168,5
218,5
222,5
231,5
249,5
277,5
280,5
293,5
296,5
300,5
315,5
318,5
333,5
337,5
339,5
342,5
362,5
377,5
457,5
474,5
475,5
497,5
508,5
527,5
529,5
539,5
543,5
551,5
588,5
594,5
595,5
597,5
648,5
708,5
780,5
1073,5
41,5
111,5
527,5
541,5
593,5
608,5
648,5
750,5
858,5
903,5
904,5
906,5
912,5
913,5
924,5
928,5
965,5
969,5
1094,5
1097,5
1151,5
1183,5
1188,5
1208,5
1212,5
1219,5
1222,5
1224,5
1233,5
1244,5
1247,5
1250,5
1252,5
1263,5
1269,5
1299,5
1573,5
1625,5
1631,5
1674,5
1696,5
1797,5
1927,5
1953,5
2020,5
2028,5
2067,5
2075,5
2076,5
2160,5
2352,5
2427,5
2550,5
2726,5
2763,5
2944,5
2968,5
3075,5
3204,5
3230,5
3256,5
3448,5
3462,5
3498,5
6460,5
527,5
858,5
58559,5
318,5
1304,5
293,5
356,5
593,5
858,5
1089,5
1203,5
1221,5
1645,5
1653,5
1704,5
1961,5
2011,5
2023,5
2124,5
2571,5
2959,5
3147,5
4148,5
4262,5
4993,5
5618,5
5630,5
5952,5
6365,5
6874,5
6934,5
7153,5
7438,5
8984,5
33794,5
44191,5
47099,5
48780,5
50804,5
53322,5
55820,5
58559,5
68954,5
73017,5
74789,5
79132,5
81845,5
91529,5
91542,5
96821,5
99114,5
106489,5
109374,5
109487,5
114935,5
115149,5
128360,5
150548,5
168252,5
172591,5
174053,5
176601,5
185135,5
1,5
50,5
260,5
296,5
318,5
344,5
745,5
1080,5
1136,5
1148,5
1196,5
1198,5
1208,5
1220,5
1223,5
1270,5
1288,5
2078,5
2716,5
2788,5
2858,5
2959,5
3949,5
5669,5
6104,5
7361,5
8874,5
32587,5
33779,5
38038,5
48774,5
51255,5
57669,5
58559,5
77455,5
77800,5
79702,5
86290,5
89753,5
89904,5
91529,5
92494,5
92535,5
97913,5
98491,5
102217,5
106696,5
108932,5
111781,5
115617,5
134853,5
16,5
266,5
318,5
527,5
590,5
593,5
778,5
858,5
1090,5
1096,5
1193,5
1203,5
1204,5
1208,5
1213,5
1217,5
1221,5
1250,5
1293,5
1387,5
1408,5
1732,5
1912,5
2019,5
2278,5
2395,5
2420,5
2427,5
2692,5
2761,5
2804,5
3072,5
3362,5
3535,5
3608,5
4128,5
4235,5
4380,5
4973,5
5010,5
5673,5
5690,5
6188,5
6377,5
6385,5
8014,5
8376,5
8874,5
8917,5
27523,5
27773,5
30810,5
55247,5
32,5
47,5
110,5
224,5
296,5
356,5
357,5
535,5
541,5
922,5
1136,5
1200,5
1201,5
1206,5
1217,5
1243,5
1247,5
1261,5
1266,5
1284,5
1288,5
1358,5
1704,5
1748,5
1784,5
1952,5
1956,5
2288,5
2502,5
2571,5
2648,5
2700,5
2762,5
2858,5
2959,5
3037,5
3074,5
3201,5
4226,5
4306,5
4993,5
5299,5
5418,5
5464,5
5617,5
5673,5
5747,5
5902,5
5952,5
6708,5
6711,5
6874,5
7018,5
7147,5
7153,5
7438,5
8636,5
8665,5
8874,5
293,5
1527,5
8604,5
27193,5
260,5
377,5
920,5
1196,5
1197,5
1198,5
1210,5
1291,5
1408,5
2081,5
2249,5
2502,5
2858,5
4262,5
4306,5
4896,5
5816,5
6155,5
6539,5
6711,5
8368,5
8968,5
32587,5
34162,5
40815,5
44195,5
49272,5
52973,5
53996,5
54001,5
54881,5
55118,5
58559,5
58998,5
59369,5
64969,5
66934,5
67618,5
69069,5
70183,5
71535,5
72998,5
74946,5
76093,5
79132,5
81834,5
91500,5
93510,5
102445,5
122882,5
134130,5
50,5
260,5
296,5
318,5
333,5
541,5
553,5
593,5
924,5
1101,5
1193,5
1196,5
1210,5
1258,5
1266,5
2571,5
2762,5
2951,5
3175,5
3552,5
3671,5
4027,5
4874,5
4880,5
36,5
527,5
858,5
953,5
1172,5
1193,5
1210,5
1246,5
1293,5
1300,5
1302,5
3359,5
3361,5
3468,5
8949,5
63082,5
1,5
86,5
165,5
736,5
780,5
802,5
1101,5
1356,5
260,5
318,5
2571,5
4973,5
1193,5
1206,5
1682,5
1732,5
2028,5
2858,5
3535,5
3793,5
4878,5
4979,5
6333,5
6874,5
6936,5
8972,5
45499,5
49272,5
52722,5
60684,5
68157,5
68358,5
71535,5
73017,5
78499,5
86332,5
86833,5
87232,5
91529,5
91542,5
96079,5
99114,5
102445,5
106072,5
109374,5
110102,5
111362,5
112852,5
115617,5
122892,5
152081,5
58,5
111,5
194,5
296,5
307,5
308,5
475,5
608,5
858,5
923,5
926,5
1041,5
1084,5
1103,5
1193,5
1206,5
1208,5
1212,5
1221,5
1230,5
1252,5
1263,5
1889,5
1960,5
2076,5
2160,5
2300,5
2858,5
2908,5
3083,5
3089,5
3307,5
3949,5
3996,5
4973,5
5890,5
5995,5
6016,5
6235,5
6270,5
6591,5
6666,5
6787,5
6791,5
6993,5
7234,5
7323,5
8154,5
8804,5
8838,5
26350,5
27773,5
31522,5
41997,5
46578,5
48516,5
48698,5
55118,5
55276,5
55444,5
260,5
2078,5
3681,5
4993,5
858,5
1136,5
1213,5
8957,5
34405,5
260,5
1196,5
1198,5
1210,5
2571,5
3578,5
3996,5
4993,5
5349,5
5378,5
5816,5
5952,5
7153,5
8636,5
8961,5
33794,5
58559,5
1036,5
1240,5
2791,5
164,5
246,5
260,5
480,5
589,5
858,5
1127,5
1189,5
1191,5
1192,5
1196,5
1210,5
1218,5
1220,5
1221,5
1242,5
1261,5
1291,5
1387,5
1610,5
1912,5
2019,5
2028,5
2692,5
2947,5
3104,5
3266,5
318,5
593,5
1214,5
2959,5
3275,5
3535,5
4226,5
4878,5
5064,5
5418,5
6059,5
6754,5
6952,5
8665,5
8798,5
8950,5
33794,5
44199,5
44665,5
47610,5
48780,5
54286,5
58559,5
59369,5
80831,5
86190,5
91658,5
94864,5
32,5
589,5
318,5
916,5
924,5
1222,5
1225,5
1246,5
1258,5
1682,5
2028,5
3159,5
3578,5
4973,5
6016,5
7323,5
48774,5
53318,5
58559,5
79132,5
17,5
25,5
36,5
52,5
150,5
223,5
232,5
265,5
272,5
299,5
300,5
318,5
348,5
356,5
412,5
446,5
509,5
527,5
593,5
608,5
800,5
838,5
898,5
919,5
926,5
1035,5
1079,5
1096,5
1124,5
1131,5
1208,5
1242,5
1247,5
1267,5
1272,5
1276,5
1280,5
1292,5
1295,5
1299,5
1307,5
53,5
314,5
527,5
1140,5
1185,5
1207,5
1237,5
1357,5
1633,5
1641,5
1643,5
1719,5
33679,5
1136,5
4973,5
5618,5
5971,5
50,5
318,5
1193,5
1732,5
1884,5
4993,5
5952,5
7153,5
8950,5
48394,5
58559,5
3785,5
5048,5
5419,5
5480,5
5621,5
6402,5
6686,5
8238,5
8372,5
25887,5
26183,5
32031,5
33090,5
34312,5
44851,5
47736,5
49274,5
50872,5
50999,5
53280,5
53355,5
53578,5
60737,5
66943,5
69211,5
69469,5
72692,5
73042,5
73822,5
79897,5
83969,5
84512,5
84944,5
85295,5
85780,5
87834,5
88746,5
91355,5
91386,5
92643,5
93022,5
95843,5
96608,5
96935,5
97225,5
98279,5
103602,5
107951,5
108078,5
108932,5
109241,5
110130,5
118270,5
118834,5
118894,5
121781,5
122092,5
124404,5
126088,5
126921,5
128087,5
128968,5
129354,5
131098,5
131130,5
131610,5
132153,5
134004,5
134847,5
136341,5
136353,5
136355,5
136359,5
136503,5
136834,5
139640,5
140133,5
141928,5
142444,5
143031,5
143559,5
146684,5
147410,5
149350,5
149508,5
149566,5
150554,5
156025,5
157296,5
157775,5
158398,5
158882,5
14,5
17,5
25,5
52,5
58,5
82,5
85,5
116,5
260,5
608,5
613,5
818,5
984,5
1034,5
1041,5
1057,5
1357,5
1358,5
1411,5
6,5
163,5
353,5
541,5
551,5
592,5
750,5
858,5
1129,5
1136,5
1197,5
1198,5
1200,5
1206,5
1214,5
1215,5
1219,5
1220,5
1274,5
1387,5
1921,5
1954,5
2288,5
2571,5
2761,5
3070,5
3081,5
3300,5
3429,5
3703,5
3740,5
3837,5
4306,5
4678,5
5349,5
6539,5
6659,5
6820,5
6857,5
7360,5
7387,5
8636,5
8874,5
107,5
837,5
2572,5
2,5
34,5
110,5
150,5
260,5
316,5
329,5
356,5
367,5
380,5
434,5
480,5
527,5
552,5
590,5
593,5
1097,5
1265,5
1356,5
1372,5
1580,5
1704,5
1721,5
1784,5
1917,5
1923,5
2028,5
2105,5
2161,5
2193,5
2268,5
2431,5
2628,5
2872,5
2916,5
32,5
110,5
318,5
25,5
29,5
162,5
260,5
541,5
741,5
924,5
1036,5
1089,5
1175,5
1196,5
1198,5
1206,5
1208,5
1221,5
1228,5
1240,5
1270,5
1274,5
1307,5
1527,5
1653,5
1967,5
2028,5
2571,5
2804,5
3019,5
3702,5
3703,5
4235,5
4262,5
4973,5
5072,5
5418,5
5902,5
6016,5
6051,5
7361,5
1,5
34,5
50,5
110,5
150,5
260,5
272,5
296,5
367,5
377,5
480,5
527,5
589,5
1079,5
1089,5
1188,5
1198,5
1200,5
1210,5
1214,5
1296,5
1617,5
1942,5
2058,5
2115,5
2289,5
2294,5
2353,5
2716,5
2858,5
3060,5
3175,5
3418,5
593,5
858,5
1210,5
2028,5
2571,5
3623,5
3793,5
3996,5
4011,5
4022,5
4161,5
4270,5
4306,5
4963,5
4993,5
356,5
904,5
1036,5
1197,5
1219,5
1258,5
4306,5
4720,5
8961,5
38038,5
46578,5
47099,5
50872,5
55267,5
60126,5
74458,5
81564,5
81845,5
88163,5
97921,5
109487,5
116797,5
122912,5
122916,5
122926,5
164179,5
177765,5
187593,5
150,5
153,5
163,5
165,5
168,5
225,5
231,5
236,5
252,5
257,5
281,5
292,5
293,5
296,5
318,5
333,5
337,5
339,5
344,5
349,5
380,5
588,5
1101,5
1958,5
2423,5
4041,5
5620,5
1093,5
1719,5
2318,5
2395,5
2599,5
2712,5
2959,5
2997,5
3174,5
3,5
47,5
223,5
296,5
356,5
16,5
18,5
296,5
318,5
555,5
593,5
912,5
1084,5
1201,5
1206,5
1213,5
1222,5
1228,5
1245,5
1278,5
1732,5
1954,5
1961,5
2087,5
2194,5
2231,5
2329,5
2396,5
2423,5
2804,5
2918,5
2953,5
2959,5
2997,5
3160,5
3468,5
3681,5
3735,5
3949,5
4019,5
4027,5
4226,5
4262,5
4848,5
4873,5
4881,5
4973,5
5956,5
6016,5
6711,5
6936,5
7438,5
8376,5
55247,5
58559,5
64614,5
68157,5
81932,5
134881,5
148626,5
357,5
595,5
745,5
1148,5
2572,5
2671,5
4308,5
4973,5
5991,5
7034,5
38038,5
47,5
50,5
293,5
296,5
306,5
318,5
778,5
858,5
1089,5
1206,5
1208,5
1213,5
1225,5
1244,5
1281,5
2028,5
2131,5
2495,5
2542,5
2843,5
2858,5
2959,5
3147,5
3307,5
3632,5
3687,5
4011,5
4022,5
4788,5
4874,5
4878,5
5690,5
5888,5
5889,5
6016,5
6187,5
6433,5
7361,5
7371,5
8014,5
26587,5
26849,5
27773,5
32460,5
32892,5
37731,5
44665,5
48516,5
48780,5
52281,5
53519,5
55247,5
57183,5
58425,5
60069,5
69134,5
69529,5
69757,5
73017,5
74458,5
76093,5
77455,5
79132,5
80124,5
86320,5
92259,5
95175,5
95311,5
95654,5
96606,5
96829,5
104374,5
104780,5
105593,5
106920,5
109633,5
116897,5
120138,5
120478,5
126430,5
127052,5
129514,5
130970,5
130978,5
131237,5
134095,5
134109,5
136445,5
136447,5
138835,5
140265,5
141816,5
142020,5
143511,5
145994,5
147196,5
147250,5
147286,5
147300,5
147326,5
147328,5
147330,5
150548,5
151769,5
159811,5
159817,5
163072,5
163112,5
163386,5
163925,5
165959,5
166183,5
170597,5
170705,5
170777,5
171011,5
171749,5
172577,5
172583,5
172585,5
172587,5
172589,5
172637,5
172793,5
172909,5
173351,5
173355,5
173619,5
173963,5
174551,5
175293,5
175387,5
175397,5
175431,5
179133,5
318,5
2571,5
4896,5
4993,5
5952,5
6539,5
7153,5
8368,5
40815,5
45722,5
47099,5
53125,5
59784,5
69844,5
72998,5
73017,5
81834,5
88125,5
99636,5
106489,5
2,5
11,5
62,5
110,5
141,5
150,5
318,5
590,5
82,5
509,5
541,5
800,5
838,5
1079,5
1097,5
1204,5
1270,5
1684,5
1959,5
2395,5
2571,5
3795,5
4027,5
4246,5
4308,5
4372,5
4878,5
4973,5
4976,5
4995,5
5303,5
5349,5
5380,5
5391,5
5445,5
5450,5
5673,5
5812,5
5881,5
5945,5
5989,5
25,5
36,5
62,5
110,5
175,5
288,5
296,5
318,5
356,5
553,5
1276,5
4973,5
7096,5
26171,5
356,5
2959,5
3052,5
3253,5
3275,5
4989,5
5785,5
37384,5
46970,5
48322,5
58998,5
60756,5
61024,5
72167,5
74532,5
78209,5
79134,5
80139,5
81156,5
85367,5
87529,5
93510,5
98083,5
102903,5
104925,5
106782,5
111617,5
119145,5
122904,5
128520,5
128914,5
131013,5
134368,5
148626,5
160271,5
162344,5
32,5
47,5
50,5
260,5
480,5
780,5
1196,5
1198,5
1210,5
1917,5
2028,5
2571,5
3147,5
4993,5
5952,5
7153,5
58559,5
91529,5
109487,5
265,5
293,5
351,5
509,5
902,5
904,5
912,5
915,5
916,5
932,5
933,5
943,5
969,5
1013,5
1014,5
1073,5
1094,5
1183,5
1193,5
1230,5
1235,5
1357,5
1564,5
1617,5
1683,5
1912,5
2067,5
2080,5
2132,5
2135,5
2475,5
2583,5
2764,5
2858,5
2969,5
3099,5
3296,5
3451,5
3537,5
3546,5
3668,5
3831,5
4041,5
4062,5
141718,5
32,5
260,5
296,5
480,5
487,5
553,5
589,5
592,5
593,5
1196,5
1200,5
1208,5
1222,5
1240,5
1266,5
1304,5
1379,5
1387,5
1407,5
1566,5
1610,5
1907,5
1923,5
2028,5
2423,5
2792,5
2804,5
2921,5
2987,5
3037,5
3114,5
3499,5
3508,5
3555,5
3578,5
3671,5
3793,5
367,5
541,5
1035,5
1101,5
1198,5
1387,5
2006,5
2724,5
110,5
318,5
491,5
527,5
593,5
858,5
1213,5
1221,5
1961,5
170,5
293,5
364,5
2324,5
3147,5
3452,5
3578,5
4369,5
4963,5
4993,5
4995,5
7153,5
30707,5
49272,5
51662,5
63082,5
66511,5
67255,5
68954,5
69122,5
72998,5
79091,5
80463,5
86911,5
91658,5
96861,5
102903,5
103335,5
103984,5
104913,5
105504,5
106920,5
109846,5
114662,5
115617,5
116797,5
117176,5
136598,5
138210,5
148626,5
260,5
608,5
858,5
1210,5
6,5
16,5
62,5
318,5
32,5
50,5
111,5
165,5
260,5
288,5
296,5
318,5
356,5
551,5
589,5
593,5
608,5
714,5
778,5
784,5
858,5
923,5
1073,5
1080,5
1089,5
1090,5
1136,5
1196,5
1197,5
1199,5
1200,5
1208,5
1210,5
1213,5
1214,5
1222,5
1237,5
1247,5
1263,5
1265,5
1270,5
1276,5
1391,5
1394,5
1673,5
1682,5
1732,5
1748,5
1961,5
2076,5
2160,5
2291,5
2455,5
2502,5
2542,5
2571,5
2762,5
2804,5
2916,5
2959,5
2997,5
3089,5
3114,5
3160,5
3462,5
3535,5
3911,5
3949,5
4011,5
4027,5
4262,5
4776,5
4886,5
4979,5
5110,5
6502,5
6807,5
7387,5
7438,5
8874,5
8917,5
27660,5
31658,5
39183,5
46578,5
47997,5
48516,5
48774,5
48780,5
51255,5
51540,5
52281,5
54503,5
54995,5
55765,5
55820,5
56782,5
60069,5
61323,5
68237,5
68954,5
72226,5
74458,5
79702,5
80463,5
81591,5
86345,5
86347,5
86377,5
86833,5
87232,5
92535,5
93840,5
94959,5
96728,5
96737,5
99114,5
103341,5
106782,5
106920,5
109487,5
115122,5
120466,5
121231,5
122882,5
122886,5
128360,5
139385,5
356,5
608,5
1358,5
2858,5
3949,5
6377,5
7361,5
223,5
288,5
337,5
356,5
1193,5
1270,5
1625,5
2321,5
2571,5
2600,5
2858,5
2959,5
3052,5
3342,5
4082,5
5088,5
7008,5
7022,5
7254,5
7265,5
7371,5
8254,5
8957,5
9010,5
26680,5
42632,5
54190,5
58301,5
60950,5
65130,5
67695,5
72226,5
86721,5
94959,5
100083,5
158872,5
171763,5
174053,5
47,5
318,5
364,5
367,5
377,5
380,5
454,5
457,5
913,5
5060,5
55276,5
110,5
260,5
593,5
608,5
898,5
904,5
905,5
908,5
912,5
926,5
935,5
940,5
945,5
1066,5
1198,5
1284,5
1197,5
1676,5
3556,5
7143,5
33166,5
33679,5
110,5
225,5
292,5
318,5
110,5
590,5
593,5
595,5
32,5
47,5
161,5
223,5
318,5
480,5
485,5
527,5
592,5
593,5
893,5
919,5
1036,5
1073,5
1136,5
1197,5
1199,5
1200,5
1203,5
1206,5
1215,5
1240,5
1259,5
1265,5
1358,5
1387,5
1468,5
1517,5
1653,5
1754,5
1845,5
1883,5
1921,5
1923,5
2000,5
2064,5
2300,5
2391,5
2409,5
2571,5
2700,5
2791,5
2804,5
2959,5
2987,5
3052,5
3253,5
3740,5
3994,5
3996,5
4226,5
4634,5
4776,5
4993,5
10,5
15,5
16,5
23,5
47,5
62,5
110,5
151,5
165,5
188,5
195,5
207,5
216,5
252,5
280,5
282,5
333,5
337,5
349,5
350,5
353,5
364,5
431,5
440,5
457,5
468,5
491,5
111,5
246,5
541,5
750,5
858,5
912,5
919,5
922,5
923,5
951,5
1136,5
1204,5
1208,5
1214,5
1219,5
1221,5
1225,5
1230,5
1250,5
1272,5
1288,5
1299,5
1949,5
2064,5
4993,5
6650,5
7153,5
222,5
898,5
1019,5
2150,5
2924,5
3972,5
3996,5
59784,5
6,5
150,5
293,5
527,5
590,5
595,5
597,5
608,5
858,5
920,5
986,5
1035,5
1204,5
1234,5
1250,5
1262,5
1272,5
1304,5
1500,5
1584,5
1610,5
1674,5
1727,5
1957,5
2028,5
3155,5
3178,5
3255,5
3361,5
3685,5
3916,5
4223,5
4225,5
4327,5
4535,5
4995,5
5299,5
5867,5
6378,5
6893,5
6947,5
7018,5
7076,5
7153,5
42730,5
2959,5
3361,5
3552,5
3578,5
44191,5
46976,5
51255,5
58559,5
60069,5
68954,5
80463,5
99114,5
109374,5
109487,5
122904,5
50,5
150,5
161,5
296,5
527,5
588,5
593,5
356,5
2144,5
4306,5
4447,5
5066,5
6619,5
7169,5
7293,5
7444,5
8827,5
68954,5
69069,5
69122,5
69757,5
81847,5
590,5
2329,5
4226,5
4306,5
6377,5
6539,5
8360,5
8873,5
1,5
50,5
32,5
30803,5
225,5
1376,5
1639,5
30816,5
40629,5
98491,5
610,5
750,5
1214,5
1253,5
1676,5
32,5
141,5
1356,5
1,5
104,5
788,5
802,5
1265,5
1405,5
47,5
111,5
750,5
858,5
1203,5
2329,5
2959,5
7361,5
69481,5
4973,5
7361,5
55247,5
89904,5
94959,5
356,5
1097,5
1704,5
4896,5
68954,5
69844,5
71264,5
72998,5
76093,5
79132,5
81834,5
89745,5
96610,5
98243,5
108932,5
109487,5
110102,5
112852,5
115617,5
119145,5
122892,5
122900,5
122904,5
2502,5
2628,5
2879,5
3615,5
21,5
154,5
296,5
417,5
608,5
750,5
858,5
866,5
898,5
904,5
905,5
908,5
910,5
912,5
913,5
923,5
930,5
933,5
936,5
945,5
947,5
1084,5
1136,5
1179,5
1199,5
1206,5
1212,5
1217,5
1230,5
1244,5
1247,5
1248,5
1251,5
1256,5
1265,5
1284,5
1299,5
1354,5
1596,5
1617,5
1683,5
1836,5
1966,5
2019,5
2076,5
2130,5
2131,5
2239,5
2289,5
2360,5
2511,5
2692,5
2732,5
2997,5
3022,5
3030,5
3096,5
3099,5
3134,5
3152,5
3224,5
3468,5
3473,5
3503,5
4914,5
6460,5
6666,5
7008,5
8228,5
527,5
785,5
2959,5
3752,5
2490,5
1704,5
4246,5
47099,5
56367,5
65230,5
69757,5
72641,5
78499,5
104374,5
166643,5
32,5
34,5
47,5
85,5
111,5
150,5
198,5
260,5
288,5
296,5
353,5
364,5
367,5
527,5
541,5
551,5
589,5
594,5
608,5
778,5
858,5
924,5
1019,5
1022,5
1059,5
1090,5
1186,5
1199,5
1208,5
1210,5
1221,5
1270,5
1277,5
1320,5
1339,5
1411,5
1483,5
1590,5
1627,5
1653,5
1713,5
1734,5
1748,5
1997,5
2018,5
2023,5
2028,5
2081,5
2118,5
2314,5
2324,5
2387,5
2427,5
2710,5
2762,5
2769,5
2840,5
2858,5
2997,5
3081,5
3083,5
3213,5
3328,5
3578,5
3683,5
3697,5
3751,5
3785,5
3858,5
3910,5
3996,5
4021,5
4033,5
4034,5
4055,5
4381,5
4450,5
5991,5
5992,5
6591,5
7153,5
318,5
745,5
1148,5
1223,5
2135,5
3429,5
3751,5
4571,5
4980,5
7247,5
38038,5
16,5
17,5
36,5
62,5
145,5
261,5
272,5
277,5
280,5
318,5
356,5
381,5
508,5
515,5
527,5
534,5
608,5
802,5
110,5
480,5
589,5
780,5
1036,5
1097,5
1101,5
1198,5
1200,5
1201,5
1240,5
1291,5
1580,5
3404,5
3527,5
3578,5
3639,5
3654,5
4440,5
1197,5
1198,5
1291,5
4963,5
5466,5
5952,5
1,5
50,5
588,5
1210,5
1500,5
1682,5
2329,5
3000,5
4226,5
4973,5
5690,5
6711,5
7153,5
7361,5
8636,5
8665,5
8784,5
8798,5
26662,5
32587,5
33166,5
33794,5
46530,5
48516,5
49272,5
54286,5
223,5
318,5
353,5
745,5
1148,5
1215,5
1527,5
2502,5
3052,5
3751,5
3793,5
4011,5
4993,5
6283,5
7842,5
33794,5
34405,5
38038,5
608,5
750,5
858,5
908,5
923,5
1086,5
1089,5
1172,5
1201,5
1203,5
1207,5
1208,5
1212,5
1213,5
1221,5
1247,5
1248,5
1252,5
1263,5
1950,5
2858,5
3030,5
3152,5
3681,5
4406,5
5291,5
7256,5
8228,5
8949,5
26078,5
33564,5
44555,5
68157,5
3,5
5,5
62,5
104,5
317,5
318,5
500,5
524,5
527,5
586,5
588,5
595,5
899,5
914,5
919,5
934,5
953,5
1028,5
1035,5
1073,5
1136,5
1246,5
1393,5
1682,5
1721,5
1947,5
2028,5
2501,5
2502,5
2683,5
2706,5
2792,5
2804,5
2942,5
3160,5
3536,5
3594,5
3916,5
3948,5
3967,5
3988,5
4306,5
4308,5
4857,5
4886,5
4936,5
5989,5
5991,5
6331,5
6345,5
6377,5
6565,5
6936,5
6944,5
7080,5
7153,5
7318,5
7381,5
7614,5
8008,5
8360,5
8641,5
34,5
318,5
1,5
25,5
29,5
32,5
47,5
81,5
111,5
141,5
163,5
176,5
290,5
296,5
318,5
380,5
428,5
485,5
541,5
555,5
592,5
593,5
596,5
608,5
661,5
707,5
714,5
720,5
761,5
800,5
801,5
858,5
861,5
903,5
994,5
1051,5
1073,5
1079,5
1080,5
1089,5
1104,5
1136,5
1148,5
1151,5
1193,5
1198,5
1201,5
1208,5
1210,5
1214,5
1220,5
1246,5
1259,5
1270,5
1276,5
1291,5
1367,5
1391,5
1454,5
3087,5
171,5
356,5
357,5
527,5
11,5
150,5
185,5
236,5
253,5
282,5
316,5
344,5
454,5
457,5
480,5
520,5
539,5
553,5
587,5
592,5
648,5
736,5
3594,5
3791,5
7169,5
8911,5
32289,5
38388,5
44613,5
47382,5
10,5
47,5
110,5
168,5
318,5
329,5
380,5
457,5
471,5
553,5
589,5
593,5
733,5
1,5
296,5
318,5
356,5
500,5
593,5
595,5
837,5
858,5
898,5
899,5
902,5
904,5
909,5
910,5
912,5
915,5
916,5
919,5
922,5
926,5
928,5
932,5
948,5
955,5
971,5
1022,5
1073,5
1104,5
1197,5
1207,5
1219,5
1247,5
1270,5
1411,5
1704,5
1721,5
1801,5
1939,5
1945,5
1955,5
1961,5
2085,5
2125,5
2396,5
2797,5
2804,5
3022,5
3451,5
3489,5
3969,5
4016,5
4886,5
4896,5
5445,5
5816,5
6539,5
6942,5
7121,5
7451,5
25906,5
30707,5
40819,5
44191,5
44193,5
44199,5
54001,5
56941,5
58559,5
62293,5
69481,5
69844,5
71535,5
74458,5
76093,5
77846,5
78499,5
79132,5
79702,5
80549,5
81834,5
81845,5
81847,5
88125,5
89904,5
93008,5
96588,5
97304,5
103141,5
105504,5
106100,5
106696,5
111921,5
112852,5
115617,5
116823,5
318,5
357,5
457,5
1193,5
2028,5
2329,5
2858,5
4967,5
4973,5
5225,5
6016,5
38061,5
44195,5
34,5
110,5
161,5
225,5
317,5
318,5
356,5
377,5
589,5
736,5
780,5
11,5
34,5
356,5
454,5
480,5
587,5
16,5
18,5
296,5
356,5
412,5
608,5
741,5
750,5
899,5
902,5
912,5
924,5
1089,5
1090,5
1172,5
1199,5
1206,5
1208,5
1213,5
1222,5
1224,5
1227,5
1237,5
1243,5
1251,5
1274,5
1279,5
1295,5
1411,5
1968,5
2010,5
2022,5
2427,5
2571,5
2730,5
2843,5
2858,5
2959,5
2997,5
3000,5
3045,5
3160,5
3328,5
3910,5
3925,5
4014,5
4017,5
4235,5
4349,5
4389,5
4848,5
5379,5
6192,5
110,5
377,5
457,5
589,5
1200,5
1287,5
1370,5
1387,5
1610,5
2028,5
2194,5
3107,5
4226,5
48780,5
58559,5
74754,5
106782,5
108932,5
109487,5
112552,5
119145,5
122912,5
136562,5
148626,5
159817,5
164179,5
166291,5
171011,5
172705,5
178827,5
899,5
1658,5
3949,5
4034,5
4226,5
4995,5
317,5
588,5
589,5
593,5
595,5
902,5
905,5
916,5
919,5
924,5
953,5
968,5
969,5
1028,5
1035,5
1073,5
1136,5
1196,5
1198,5
1200,5
1210,5
1253,5
1265,5
1287,5
1301,5
1334,5
1372,5
1376,5
1584,5
1931,5
2035,5
2208,5
2406,5
2529,5
2617,5
2640,5
2664,5
2987,5
3175,5
4232,5
4306,5
4321,5
4813,5
4969,5
4993,5
5008,5
922,5
1199,5
1201,5
1209,5
1261,5
1464,5
1732,5
1809,5
1921,5
2076,5
2318,5
2810,5
2997,5
3328,5
3504,5
3627,5
3949,5
4640,5
4848,5
5244,5
5618,5
6350,5
6368,5
6620,5
6857,5
7099,5
8370,5
8874,5
8949,5
26082,5
26840,5
27397,5
31364,5
31410,5
32387,5
33138,5
356,5
898,5
899,5
904,5
906,5
913,5
914,5
919,5
1028,5
1035,5
1212,5
1282,5
1947,5
1951,5
2206,5
2302,5
2312,5
2359,5
2436,5
2565,5
2918,5
2941,5
3097,5
3341,5
3469,5
5060,5
58559,5
527,5
2324,5
4896,5
4973,5
5225,5
5816,5
6016,5
6711,5
7361,5
8368,5
30810,5
69844,5
81834,5
88125,5
17,5
25,5
32,5
36,5
50,5
52,5
85,5
99,5
111,5
148,5
162,5
175,5
194,5
213,5
223,5
229,5
235,5
246,5
265,5
272,5
293,5
296,5
299,5
306,5
307,5
308,5
337,5
347,5
348,5
496,5
581,5
608,5
668,5
673,5
720,5
10,5
150,5
185,5
349,5
356,5
380,5
480,5
260,5
908,5
924,5
1193,5
1206,5
1207,5
5618,5
26116,5
55442,5
50,5
235,5
296,5
318,5
608,5
648,5
904,5
908,5
1036,5
1060,5
1089,5
1090,5
1213,5
1266,5
1270,5
1302,5
2155,5
2423,5
2580,5
2762,5
2918,5
3897,5
3994,5
3996,5
4034,5
4246,5
4720,5
150,5
364,5
733,5
2571,5
3578,5
58559,5
142488,5
293,5
296,5
541,5
589,5
592,5
1080,5
1193,5
1209,5
1755,5
1784,5
2025,5
2571,5
2628,5
32,5
36,5
47,5
50,5
58,5
215,5
260,5
265,5
296,5
316,5
318,5
356,5
357,5
912,5
920,5
923,5
1089,5
1172,5
1196,5
1197,5
1206,5
1210,5
1246,5
1250,5
1270,5
1393,5
1446,5
1597,5
1645,5
1653,5
1961,5
2012,5
2080,5
2324,5
2329,5
2571,5
2594,5
2600,5
2858,5
2959,5
3100,5
3147,5
3246,5
3252,5
3436,5
3448,5
3746,5
4023,5
4034,5
5014,5
5445,5
5570,5
5607,5
25,5
527,5
541,5
608,5
750,5
912,5
923,5
1060,5
1136,5
1178,5
1204,5
1208,5
1217,5
1233,5
1240,5
1250,5
1262,5
1267,5
1272,5
1278,5
1304,5
1387,5
1517,5
1610,5
1617,5
1923,5
2289,5
2300,5
2692,5
2791,5
2858,5
4406,5
4427,5
5060,5
5995,5
55247,5
39,5
260,5
296,5
318,5
441,5
597,5
1020,5
1042,5
1196,5
1197,5
1210,5
1380,5
1500,5
1777,5
2144,5
2396,5
2571,5
2572,5
2918,5
2959,5
3255,5
3301,5
3481,5
4025,5
4308,5
4816,5
4878,5
4973,5
5103,5
5991,5
6365,5
6863,5
6874,5
7293,5
7438,5
8807,5
31878,5
32587,5
33679,5
38061,5
44761,5
45722,5
46578,5
49272,5
51255,5
51662,5
54190,5
56367,5
58559,5
60072,5
1,5
25,5
34,5
260,5
296,5
339,5
356,5
480,5
543,5
587,5
589,5
593,5
597,5
733,5
1097,5
1196,5
1197,5
1198,5
1210,5
1240,5
1270,5
1291,5
1307,5
1584,5
1639,5
1721,5
1909,5
1923,5
1968,5
2011,5
2028,5
2115,5
2136,5
2141,5
2245,5
2248,5
2302,5
2324,5
2355,5
2396,5
2683,5
2716,5
2762,5
2858,5
2918,5
6,5
246,5
293,5
306,5
356,5
456,5
541,5
589,5
593,5
750,5
908,5
912,5
923,5
924,5
953,5
1089,5
1090,5
1095,5
1127,5
1136,5
1147,5
1196,5
1198,5
1200,5
1201,5
1204,5
1209,5
1218,5
1234,5
1242,5
1259,5
1262,5
1265,5
1266,5
1267,5
1272,5
1302,5
1307,5
1374,5
1429,5
1500,5
1584,5
1587,5
1968,5
2150,5
2352,5
2761,5
2762,5
2872,5
2948,5
2959,5
2997,5
3036,5
3060,5
3098,5
3418,5
3505,5
3508,5
3633,5
3793,5
3836,5
110,5
296,5
590,5
1584,5
3578,5
4993,5
5418,5
5952,5
7153,5
8665,5
54286,5
54736,5
98809,5
47,5
1136,5
1222,5
1653,5
2329,5
2710,5
2959,5
3266,5
3949,5
4878,5
5949,5
7147,5
8874,5
44191,5
48780,5
58803,5
68157,5
91658,5
71462,5
1,5
17,5
25,5
36,5
58,5
608,5
661,5
800,5
838,5
2858,5
2028,5
2571,5
318,5
1198,5
1291,5
2571,5
4011,5
4993,5
5952,5
7153,5
60684,5
68157,5
79132,5
260,5
1196,5
1210,5
1527,5
2571,5
2628,5
5378,5
33493,5
60069,5
72998,5
76093,5
112175,5
112852,5
116797,5
122886,5
122918,5
146662,5
177765,5
318,5
1704,5
2571,5
2959,5
3578,5
33166,5
60684,5
89745,5
91529,5
177593,5
183897,5
589,5
7147,5
8360,5
50,5
318,5
1172,5
1208,5
1225,5
1268,5
1297,5
1968,5
2324,5
2686,5
5782,5
6155,5
55814,5
60766,5
34,5
125,5
595,5
898,5
922,5
928,5
930,5
933,5
951,5
1079,5
1136,5
1198,5
1230,5
1238,5
1267,5
1288,5
1304,5
1617,5
1641,5
2064,5
2239,5
2300,5
2395,5
2791,5
2858,5
2863,5
2915,5
2924,5
3421,5
3435,5
3481,5
3504,5
3507,5
3543,5
3685,5
3897,5
3972,5
3994,5
4034,5
260,5
608,5
648,5
1081,5
1196,5
1198,5
1210,5
1234,5
1291,5
1376,5
1396,5
1580,5
1610,5
1641,5
2115,5
2699,5
3114,5
3200,5
3404,5
750,5
1673,5
50,5
260,5
318,5
364,5
904,5
1036,5
1527,5
2571,5
2700,5
2858,5
2987,5
3000,5
3030,5
3052,5
4226,5
4963,5
7022,5
27773,5
38061,5
44195,5
51255,5
54997,5
58559,5
59315,5
63082,5
64575,5
1,5
50,5
150,5
223,5
260,5
296,5
318,5
356,5
480,5
588,5
589,5
590,5
608,5
858,5
912,5
1036,5
1193,5
1196,5
1198,5
1200,5
1206,5
1213,5
1265,5
1270,5
1291,5
1387,5
1580,5
1584,5
1721,5
1732,5
2028,5
2329,5
2502,5
2571,5
2700,5
2716,5
2762,5
2997,5
3034,5
3114,5
3793,5
4027,5
4226,5
4306,5
4896,5
5218,5
6333,5
6377,5
6539,5
7147,5
8360,5
45517,5
48774,5
55363,5
58559,5
60069,5
68358,5
32,5
111,5
296,5
541,5
608,5
903,5
908,5
912,5
922,5
926,5
953,5
1041,5
1079,5
1104,5
1193,5
1199,5
1200,5
1207,5
1208,5
1212,5
1214,5
1224,5
1225,5
1245,5
1258,5
1259,5
1263,5
1278,5
1299,5
1394,5
1449,5
1617,5
1711,5
1927,5
2019,5
2132,5
2289,5
2599,5
2858,5
2959,5
2973,5
3090,5
3152,5
3362,5
3476,5
3911,5
3983,5
4973,5
5669,5
6016,5
6306,5
6461,5
6711,5
6796,5
6987,5
8949,5
9018,5
27721,5
27846,5
1220,5
106782,5
4973,5
8784,5
48394,5
39,5
289,5
356,5
527,5
1197,5
1259,5
1265,5
1270,5
1307,5
1393,5
1394,5
1721,5
1968,5
2028,5
2100,5
2108,5
2144,5
2150,5
2174,5
2248,5
2791,5
2795,5
2797,5
2804,5
2915,5
2918,5
3044,5
3072,5
3301,5
3358,5
3496,5
3552,5
3668,5
3948,5
69,5
104,5
223,5
231,5
333,5
785,5
1259,5
1387,5
1895,5
1974,5
2327,5
2396,5
2797,5
47,5
104,5
170,5
180,5
216,5
223,5
231,5
671,5
1073,5
1136,5
1196,5
1210,5
1222,5
1732,5
2005,5
2502,5
3033,5
3253,5
3653,5
3671,5
4571,5
5110,5
5650,5
6188,5
46578,5
55765,5
55820,5
47,5
356,5
778,5
2959,5
7147,5
7371,5
30749,5
46976,5
48738,5
55721,5
70286,5
84152,5
85342,5
106782,5
109374,5
1,5
34,5
110,5
150,5
236,5
296,5
318,5
457,5
589,5
1527,5
6539,5
45722,5
53996,5
589,5
1036,5
1200,5
2571,5
58559,5
63082,5
296,5
318,5
1210,5
2028,5
2329,5
2762,5
3147,5
3578,5
4226,5
5152,5
7458,5
8533,5
44191,5
51662,5
58559,5
68358,5
69757,5
78499,5
79132,5
81591,5
318,5
356,5
7361,5
177593,5
1,5
24,5
48,5
153,5
158,5
260,5
317,5
364,5
480,5
553,5
588,5
594,5
736,5
1011,5
1097,5
1196,5
1210,5
1214,5
1377,5
1409,5
1566,5
1907,5
2050,5
2052,5
2080,5
2081,5
2141,5
2161,5
2355,5
2571,5
2640,5
2657,5
2710,5
2720,5
2761,5
2987,5
3114,5
3274,5
3624,5
4306,5
25,5
62,5
150,5
300,5
356,5
364,5
377,5
527,5
593,5
595,5
780,5
1214,5
1278,5
1387,5
1982,5
1997,5
2447,5
2490,5
2542,5
2572,5
2580,5
2596,5
2683,5
2770,5
2806,5
2858,5
3052,5
32,5
1272,5
2023,5
2067,5
3682,5
4957,5
6,5
11,5
32,5
47,5
260,5
288,5
296,5
318,5
356,5
475,5
858,5
1089,5
1136,5
1196,5
1206,5
1208,5
1210,5
1213,5
1221,5
1222,5
1653,5
1704,5
2028,5
2268,5
2329,5
2502,5
2542,5
2571,5
2858,5
2959,5
3275,5
4011,5
4223,5
4993,5
5418,5
5903,5
5952,5
6365,5
6502,5
6934,5
7143,5
7153,5
8132,5
8665,5
35836,5
44665,5
47610,5
54286,5
54997,5
55820,5
1,5
2,5
19,5
34,5
39,5
95,5
104,5
110,5
165,5
168,5
172,5
174,5
216,5
248,5
253,5
255,5
267,5
276,5
292,5
317,5
328,5
333,5
338,5
344,5
356,5
368,5
370,5
377,5
383,5
432,5
500,5
516,5
524,5
542,5
553,5
653,5
673,5
736,5
780,5
788,5
1073,5
1356,5
1359,5
215,5
3910,5
4973,5
7371,5
8638,5
100714,5
106920,5
32,5
47,5
253,5
296,5
300,5
457,5
593,5
10,5
62,5
112,5
161,5
165,5
172,5
193,5
227,5
353,5
377,5
434,5
466,5
520,5
648,5
736,5
6,5
10,5
110,5
151,5
356,5
368,5
457,5
1079,5
1090,5
1197,5
1200,5
1225,5
1233,5
1242,5
1270,5
1288,5
1356,5
1408,5
1610,5
1785,5
1957,5
2028,5
2490,5
2716,5
2791,5
2919,5
3082,5
3090,5
3214,5
3361,5
3578,5
3811,5
17,5
29,5
123,5
260,5
357,5
410,5
541,5
589,5
714,5
1196,5
1210,5
1243,5
1625,5
2124,5
2336,5
2571,5
3081,5
3863,5
4144,5
4226,5
4720,5
4848,5
4956,5
4993,5
5013,5
5279,5
5618,5
5646,5
5952,5
5971,5
6377,5
6539,5
6934,5
6942,5
7090,5
7147,5
7153,5
7361,5
7438,5
7486,5
7669,5
26776,5
27320,5
31658,5
31878,5
44191,5
49272,5
52885,5
59387,5
59784,5
60069,5
60684,5
61026,5
62336,5
65261,5
66371,5
68157,5
68486,5
68954,5
69481,5
72737,5
79132,5
81845,5
81847,5
84944,5
85736,5
87222,5
89753,5
90888,5
1,5
50,5
356,5
364,5
588,5
899,5
1193,5
1197,5
1682,5
2078,5
2959,5
3147,5
4878,5
8950,5
51662,5
54001,5
69844,5
81834,5
88125,5
115149,5
115713,5
139385,5
142488,5
8961,5
147374,5
147382,5
32,5
47,5
110,5
260,5
293,5
364,5
1080,5
1196,5
1198,5
1201,5
1203,5
1219,5
2571,5
2959,5
3535,5
4226,5
4993,5
7153,5
8950,5
32587,5
34405,5
48516,5
51662,5
56782,5
58559,5
61024,5
68157,5
74458,5
79132,5
86882,5
88129,5
89745,5
93838,5
93840,5
94959,5
96610,5
96821,5
102123,5
104841,5
104879,5
106100,5
106782,5
106920,5
109487,5
112552,5
112556,5
115569,5
122882,5
139385,5
164179,5
166528,5
168252,5
187593,5
318,5
345,5
1035,5
1246,5
1282,5
2739,5
3101,5
3408,5
3418,5
4921,5
6983,5
47,5
293,5
296,5
318,5
356,5
527,5
593,5
608,5
1089,5
1197,5
1208,5
1225,5
1259,5
1704,5
2028,5
2571,5
2959,5
5971,5
78499,5
142115,5
159817,5
364,5
2321,5
6377,5
78499,5
98491,5
134853,5
162578,5
164179,5
446,5
608,5
1225,5
1271,5
1734,5
2324,5
2599,5
3083,5
4973,5
5902,5
5991,5
7099,5
26366,5
48394,5
296,5
356,5
527,5
1258,5
2028,5
2571,5
2762,5
2858,5
2959,5
3949,5
4306,5
6874,5
32587,5
48516,5
344,5
420,5
1194,5
1210,5
1220,5
1663,5
2716,5
3421,5
3552,5
18,5
173,5
293,5
318,5
442,5
1198,5
1270,5
2011,5
3980,5
4995,5
7361,5
92259,5
99114,5
318,5
1197,5
2571,5
2959,5
3147,5
4995,5
5989,5
7147,5
48394,5
60069,5
68954,5
115617,5
122904,5
32,5
1584,5
1784,5
3910,5
4306,5
5945,5
6711,5
7155,5
50,5
111,5
608,5
720,5
1089,5
1235,5
1288,5
1358,5
2395,5
2580,5
2908,5
3181,5
3822,5
4641,5
5690,5
6773,5
7815,5
296,5
356,5
2194,5
2858,5
3949,5
4878,5
5989,5
7361,5
8914,5
56367,5
58559,5
68237,5
28,5
36,5
213,5
272,5
273,5
515,5
608,5
17,5
318,5
527,5
593,5
720,5
745,5
1066,5
1148,5
1183,5
1223,5
1617,5
1680,5
1704,5
2324,5
2355,5
2563,5
4226,5
5991,5
1028,5
1035,5
1250,5
4886,5
4995,5
41566,5
260,5
316,5
593,5
953,5
969,5
1196,5
1198,5
1240,5
1270,5
1374,5
1376,5
1954,5
2571,5
3793,5
16,5
69,5
110,5
296,5
353,5
514,5
541,5
555,5
608,5
733,5
778,5
924,5
1079,5
1080,5
1089,5
1090,5
1136,5
1196,5
1198,5
1199,5
1200,5
1206,5
1208,5
1213,5
1220,5
1222,5
1261,5
1266,5
1285,5
1288,5
1291,5
1297,5
1298,5
1394,5
1466,5
1610,5
1663,5
1732,5
1884,5
2064,5
2194,5
2195,5
2278,5
2300,5
2571,5
2599,5
2683,5
2700,5
2702,5
2712,5
2716,5
2890,5
2916,5
2947,5
2959,5
2968,5
3052,5
3060,5
3108,5
3265,5
58,5
150,5
260,5
480,5
541,5
589,5
593,5
919,5
1093,5
1196,5
1197,5
1198,5
1200,5
1210,5
1240,5
1270,5
1356,5
1909,5
2396,5
2455,5
2571,5
2706,5
2907,5
3101,5
3471,5
3552,5
3578,5
3996,5
4011,5
29,5
50,5
213,5
334,5
858,5
898,5
1094,5
1196,5
1197,5
1201,5
1208,5
1213,5
1238,5
1252,5
1273,5
1285,5
1288,5
1303,5
1394,5
1673,5
1912,5
1964,5
2019,5
2349,5
2351,5
2511,5
2571,5
2858,5
2925,5
1,5
6,5
25,5
74,5
724,5
1,5
14,5
36,5
62,5
661,5
1073,5
177765,5
1,5
21,5
32,5
171,5
223,5
224,5
235,5
329,5
345,5
357,5
364,5
471,5
497,5
509,5
514,5
588,5
589,5
593,5
595,5
296,5
2858,5
2959,5
3535,5
4262,5
6874,5
7361,5
7438,5
51255,5
68157,5
79132,5
1,5
17,5
21,5
32,5
34,5
101,5
162,5
215,5
235,5
246,5
283,5
296,5
348,5
372,5
373,5
527,5
535,5
541,5
593,5
778,5
800,5
858,5
866,5
903,5
904,5
908,5
909,5
912,5
920,5
921,5
923,5
951,5
953,5
954,5
1041,5
1079,5
1084,5
1089,5
1095,5
1123,5
1136,5
1148,5
1179,5
1186,5
1187,5
1192,5
1193,5
1197,5
1208,5
1213,5
1222,5
1225,5
1228,5
1230,5
1234,5
1247,5
1249,5
1252,5
1265,5
1266,5
1267,5
1278,5
1280,5
1288,5
1299,5
1300,5
1304,5
1358,5
1392,5
1393,5
1394,5
1406,5
1500,5
1533,5
1571,5
1594,5
1625,5
1635,5
1663,5
1683,5
1875,5
1883,5
1912,5
1945,5
1958,5
2020,5
2064,5
2069,5
2073,5
2100,5
2110,5
2150,5
2174,5
2186,5
2240,5
2289,5
2323,5
2324,5
2330,5
2360,5
2384,5
2395,5
2518,5
2571,5
2575,5
2624,5
2671,5
2761,5
2791,5
2797,5
2819,5
2824,5
2890,5
2912,5
2917,5
2918,5
2935,5
2937,5
2959,5
2997,5
3038,5
3039,5
3046,5
3083,5
3108,5
3163,5
3175,5
3210,5
3246,5
3260,5
3302,5
3328,5
3359,5
3362,5
3384,5
3408,5
3418,5
3421,5
3424,5
3429,5
3435,5
3468,5
3471,5
3504,5
3552,5
3591,5
3730,5
3741,5
3893,5
3910,5
3911,5
3983,5
4034,5
4037,5
4061,5
4116,5
4226,5
4235,5
4246,5
4291,5
4334,5
4345,5
4361,5
4378,5
4571,5
4728,5
4809,5
4816,5
4967,5
4973,5
4978,5
4979,5
5013,5
5135,5
5225,5
5241,5
5339,5
5466,5
5603,5
5637,5
5669,5
5723,5
5745,5
5902,5
5938,5
6001,5
6122,5
6218,5
6254,5
62,5
88,5
104,5
150,5
260,5
333,5
344,5
356,5
364,5
370,5
466,5
480,5
648,5
780,5
783,5
784,5
1042,5
1196,5
1210,5
1270,5
1391,5
32,5
1356,5
1391,5
50,5
318,5
527,5
1635,5
54272,5
260,5
296,5
541,5
1036,5
1136,5
1196,5
1214,5
1258,5
2288,5
3527,5
4027,5
5952,5
8376,5
55363,5
91529,5
96079,5
104879,5
109487,5
115713,5
139385,5
175303,5
1035,5
1213,5
2859,5
3897,5
3916,5
4239,5
4246,5
4880,5
5103,5
6942,5
7346,5
7451,5
8969,5
40629,5
48516,5
52973,5
72641,5
80549,5
86833,5
86882,5
91500,5
94959,5
96821,5
527,5
858,5
919,5
1089,5
1136,5
1193,5
1221,5
1270,5
1298,5
1884,5
2011,5
2375,5
2571,5
3039,5
4239,5
4499,5
4995,5
5989,5
6377,5
8961,5
50872,5
58559,5
110,5
150,5
318,5
356,5
1704,5
32,5
95,5
104,5
110,5
165,5
223,5
237,5
344,5
356,5
367,5
377,5
480,5
500,5
588,5
589,5
592,5
111,5
441,5
858,5
903,5
904,5
912,5
1104,5
1193,5
1247,5
1252,5
1968,5
47,5
110,5
296,5
364,5
1061,5
2329,5
2762,5
2959,5
3147,5
4011,5
4848,5
4973,5
4995,5
5218,5
6086,5
6377,5
6874,5
7153,5
7361,5
7438,5
247,5
3949,5
4642,5
4973,5
4979,5
5673,5
5992,5
6296,5
6620,5
6711,5
8949,5
32,5
110,5
235,5
260,5
296,5
318,5
356,5
527,5
590,5
593,5
785,5
924,5
1023,5
1079,5
1080,5
1097,5
1136,5
1193,5
1198,5
1204,5
1219,5
1270,5
1291,5
1387,5
1732,5
1954,5
2529,5
2804,5
3037,5
3100,5
3108,5
3198,5
3363,5
3421,5
4027,5
4993,5
5060,5
57669,5
7025,5
111,5
246,5
260,5
296,5
318,5
527,5
608,5
750,5
800,5
858,5
898,5
899,5
903,5
904,5
905,5
908,5
909,5
910,5
912,5
913,5
918,5
919,5
923,5
924,5
928,5
938,5
951,5
953,5
954,5
955,5
969,5
971,5
1041,5
1084,5
1097,5
1193,5
1196,5
1198,5
1204,5
1208,5
1213,5
1219,5
1221,5
1225,5
1228,5
1242,5
1250,5
1252,5
1254,5
1262,5
1263,5
1282,5
1283,5
1304,5
1387,5
1927,5
1939,5
1944,5
1945,5
1947,5
1949,5
1950,5
1952,5
1960,5
1961,5
2067,5
2366,5
2648,5
2731,5
2732,5
2947,5
3035,5
3089,5
3095,5
3201,5
3307,5
3435,5
3730,5
4896,5
5816,5
8368,5
40815,5
50872,5
54001,5
58559,5
60069,5
69844,5
72998,5
81834,5
88125,5
89745,5
122904,5
318,5
2761,5
3086,5
3984,5
260,5
356,5
417,5
441,5
858,5
1194,5
1204,5
1275,5
1376,5
1732,5
1883,5
1884,5
2148,5
2301,5
2915,5
3040,5
3052,5
3108,5
3235,5
3421,5
3525,5
3552,5
29,5
50,5
70,5
296,5
318,5
555,5
1089,5
1193,5
1488,5
2329,5
3198,5
44555,5
68157,5
79132,5
50,5
110,5
318,5
356,5
1201,5
1704,5
2324,5
2959,5
4144,5
31364,5
65261,5
79132,5
6,5
50,5
319,5
1089,5
1732,5
858,5
1732,5
2959,5
3499,5
3578,5
527,5
1172,5
2324,5
2858,5
6016,5
6711,5
7361,5
48394,5
81591,5
109487,5
112290,5
112556,5
48780,5
55820,5
17,5
25,5
47,5
58,5
141,5
260,5
296,5
480,5
608,5
858,5
1198,5
1221,5
589,5
1097,5
1196,5
1200,5
1210,5
1214,5
1240,5
1356,5
1358,5
1374,5
1580,5
2571,5
2640,5
2791,5
3033,5
3527,5
3702,5
3703,5
3793,5
5378,5
6333,5
1,5
11,5
46,5
62,5
86,5
110,5
150,5
224,5
260,5
296,5
356,5
357,5
440,5
457,5
474,5
524,5
527,5
529,5
589,5
590,5
595,5
954,5
1079,5
1097,5
1196,5
1197,5
1198,5
1207,5
1210,5
1240,5
1242,5
1259,5
1265,5
1270,5
1291,5
1356,5
1372,5
1374,5
1375,5
1376,5
1385,5
1407,5
1466,5
1580,5
1584,5
1610,5
1686,5
1721,5
1726,5
2028,5
2393,5
2501,5
2628,5
3114,5
3155,5
3175,5
32,5
50,5
70,5
163,5
260,5
296,5
318,5
357,5
431,5
527,5
555,5
589,5
593,5
778,5
858,5
919,5
968,5
1073,5
1089,5
1090,5
1178,5
1193,5
1196,5
1201,5
1203,5
1206,5
1210,5
1213,5
1219,5
1220,5
1221,5
1222,5
1225,5
1232,5
1234,5
1247,5
1250,5
1253,5
1258,5
1262,5
1270,5
1272,5
1278,5
1333,5
1610,5
1884,5
1954,5
1968,5
1979,5
2006,5
2010,5
2011,5
2167,5
2232,5
2268,5
2288,5
2302,5
2324,5
2329,5
2409,5
2411,5
2571,5
2664,5
2671,5
2791,5
2804,5
2858,5
2918,5
2951,5
2985,5
2986,5
3039,5
3147,5
3267,5
3275,5
3421,5
3503,5
3535,5
3578,5
3681,5
3868,5
3869,5
3949,5
4011,5
4223,5
4878,5
4973,5
4993,5
4995,5
5618,5
5952,5
5989,5
6016,5
6377,5
6502,5
6818,5
6874,5
7022,5
7153,5
7323,5
7438,5
7439,5
7482,5
7981,5
8644,5
26249,5
30749,5
31410,5
32587,5
33166,5
33794,5
36529,5
44195,5
44199,5
44555,5
47099,5
47200,5
47997,5
48385,5
48394,5
48738,5
52281,5
54272,5
54995,5
55276,5
55721,5
55765,5
55908,5
56367,5
57669,5
58559,5
60069,5
61132,5
62250,5
63082,5
64499,5
64501,5
64614,5
64839,5
65261,5
65514,5
66371,5
67255,5
67788,5
68157,5
68954,5
69122,5
69275,5
69481,5
71535,5
72733,5
73323,5
74510,5
79132,5
80219,5
80463,5
83134,5
87485,5
91485,5
91529,5
92259,5
93838,5
93840,5
96737,5
99114,5
103228,5
104211,5
105197,5
105585,5
106918,5
106920,5
109374,5
112552,5
112818,5
114662,5
115713,5
116797,5
122904,5
140627,5
148671,5
158027,5
187593,5
45668,5
60069,5
69406,5
103372,5
134368,5
663,5
919,5
1031,5
1215,5
2329,5
3535,5
3897,5
4239,5
4878,5
7361,5
8874,5
51931,5
59315,5
60069,5
68954,5
69122,5
1246,5
5816,5
8368,5
40815,5
54001,5
56367,5
87234,5
96821,5
106642,5
117192,5
912,5
1172,5
1203,5
1250,5
1283,5
1949,5
2019,5
2202,5
745,5
904,5
1148,5
1204,5
1223,5
1233,5
1304,5
1945,5
2944,5
5899,5
6711,5
6863,5
111,5
260,5
527,5
541,5
750,5
903,5
912,5
924,5
968,5
1097,5
1175,5
1178,5
1183,5
1196,5
1204,5
1206,5
1208,5
1210,5
1215,5
1219,5
1222,5
1252,5
1289,5
1348,5
1387,5
1997,5
2003,5
2160,5
3471,5
3703,5
3742,5
4103,5
4105,5
4437,5
5225,5
5952,5
5956,5
47,5
50,5
101,5
223,5
296,5
380,5
541,5
589,5
592,5
593,5
610,5
750,5
858,5
866,5
880,5
968,5
1059,5
1089,5
1129,5
1198,5
1199,5
1200,5
1213,5
1215,5
1222,5
1235,5
1240,5
1258,5
1274,5
1275,5
1285,5
1394,5
1449,5
1587,5
1591,5
1625,5
1885,5
1923,5
1997,5
2020,5
2028,5
2116,5
2117,5
2138,5
2140,5
2167,5
2287,5
2467,5
2529,5
2530,5
2542,5
2571,5
2710,5
2867,5
2959,5
3032,5
3153,5
3262,5
3527,5
3550,5
3578,5
3697,5
3701,5
3703,5
3704,5
3727,5
3740,5
3771,5
3863,5
3977,5
3994,5
4006,5
4180,5
4915,5
4941,5
4993,5
5010,5
5026,5
5254,5
5540,5
11,5
260,5
318,5
497,5
527,5
589,5
647,5
924,5
909,5
1207,5
1247,5
6,5
16,5
47,5
50,5
110,5
111,5
293,5
296,5
356,5
593,5
608,5
750,5
778,5
858,5
1089,5
1208,5
1219,5
1247,5
1258,5
1466,5
1704,5
1884,5
2028,5
2324,5
2329,5
2542,5
2858,5
2959,5
4034,5
4262,5
4973,5
5010,5
5630,5
5989,5
6874,5
7156,5
7445,5
8798,5
27773,5
30707,5
48516,5
55820,5
64839,5
68157,5
72011,5
73023,5
80906,5
91077,5
91658,5
104841,5
104879,5
288,5
1111,5
1245,5
1274,5
1884,5
3246,5
3819,5
4256,5
4708,5
6807,5
7071,5
26073,5
26928,5
49347,5
60684,5
61323,5
72171,5
74226,5
78836,5
79428,5
82459,5
84273,5
86237,5
99114,5
109487,5
117531,5
134796,5
138966,5
171495,5
179135,5
184245,5
293,5
364,5
527,5
588,5
858,5
1221,5
2571,5
2687,5
58559,5
60069,5
79132,5
109487,5
112552,5
2,5
153,5
317,5
356,5
380,5
802,5
296,5
912,5
1080,5
1136,5
1625,5
2268,5
44555,5
56367,5
318,5
562,5
608,5
3972,5
111,5
190,5
194,5
235,5
296,5
318,5
541,5
593,5
858,5
904,5
924,5
969,5
1090,5
1179,5
1199,5
1217,5
1219,5
1228,5
1248,5
1358,5
1387,5
1732,5
2159,5
2186,5
2239,5
2912,5
3088,5
3200,5
3424,5
3435,5
4956,5
4993,5
5291,5
110,5
356,5
1619,5
2324,5
3578,5
5418,5
5995,5
6016,5
6874,5
8665,5
8873,5
30749,5
40819,5
48516,5
49530,5
54286,5
55247,5
58554,5
67255,5
70451,5
80906,5
86504,5
92259,5
102194,5
133771,5
139385,5
104,5
231,5
356,5
953,5
1304,5
1923,5
2706,5
3481,5
3616,5
3617,5
3785,5
4015,5
4388,5
4718,5
6888,5
8641,5
44972,5
1,5
34,5
260,5
296,5
318,5
527,5
608,5
750,5
858,5
953,5
1028,5
1035,5
1073,5
1080,5
1089,5
1097,5
1136,5
1193,5
1196,5
1198,5
1203,5
1219,5
1220,5
1221,5
1278,5
1282,5
1387,5
2174,5
2640,5
2761,5
2788,5
2791,5
2959,5
3499,5
4027,5
6807,5
6936,5
7438,5
8961,5
51255,5
78499,5
1237,5
1258,5
1292,5
1884,5
4789,5
136850,5
32,5
50,5
58,5
288,5
356,5
551,5
553,5
555,5
593,5
1073,5
1196,5
1210,5
1222,5
1259,5
1358,5
1391,5
1732,5
1784,5
1923,5
1968,5
2324,5
2502,5
2657,5
2712,5
3052,5
4022,5
4226,5
4886,5
6874,5
7387,5
7438,5
8874,5
48738,5
58559,5
60069,5
61240,5
68157,5
71535,5
79132,5
79702,5
50,5
296,5
318,5
593,5
608,5
858,5
1213,5
3535,5
3911,5
3969,5
6016,5
6711,5
8874,5
46578,5
48394,5
48774,5
54503,5
54997,5
55820,5
56782,5
57669,5
58559,5
61323,5
88129,5
91658,5
94864,5
97921,5
99114,5
109374,5
112552,5
112556,5
115713,5
122882,5
122904,5
541,5
1265,5
2571,5
4226,5
4308,5
5291,5
1193,5
3567,5
50,5
296,5
318,5
589,5
592,5
1196,5
2571,5
50,5
163,5
293,5
296,5
318,5
509,5
589,5
593,5
1784,5
2324,5
2360,5
2502,5
2571,5
2858,5
3174,5
3948,5
4886,5
4973,5
5445,5
6,5
9,5
24,5
27,5
31,5
47,5
74,5
76,5
95,5
104,5
110,5
191,5
260,5
266,5
318,5
350,5
454,5
494,5
555,5
628,5
648,5
667,5
708,5
724,5
733,5
736,5
737,5
762,5
780,5
786,5
802,5
1073,5
1210,5
1393,5
318,5
527,5
1203,5
1221,5
174053,5
177593,5
319,5
527,5
541,5
593,5
608,5
750,5
924,5
1193,5
1198,5
1206,5
1227,5
1231,5
1258,5
1259,5
1265,5
1584,5
1617,5
1653,5
1732,5
2028,5
2160,5
2318,5
2324,5
2706,5
2712,5
2858,5
3147,5
3176,5
3470,5
3535,5
3578,5
3741,5
4022,5
4370,5
4720,5
4848,5
4973,5
4975,5
4995,5
5445,5
5464,5
5618,5
5989,5
5995,5
6016,5
6887,5
6947,5
7156,5
30812,5
31410,5
36529,5
41285,5
41997,5
45672,5
47099,5
48322,5
48780,5
51540,5
53953,5
54997,5
55765,5
55820,5
56782,5
63082,5
68237,5
74458,5
74685,5
79132,5
82378,5
86504,5
91658,5
106100,5
106782,5
109487,5
109687,5
134853,5
164909,5
170705,5
174055,5
176751,5
110,5
150,5
318,5
329,5
457,5
480,5
590,5
592,5
780,5
1356,5
1,5
59900,5
74458,5
223,5
5014,5
527,5
1213,5
2571,5
2959,5
4226,5
4993,5
5690,5
5952,5
6016,5
7981,5
35836,5
52328,5
54503,5
54881,5
55363,5
260,5
318,5
356,5
380,5
586,5
1210,5
1265,5
1270,5
2012,5
2353,5
2571,5
2628,5
2858,5
2916,5
3147,5
3793,5
4306,5
8360,5
60684,5
68954,5
84152,5
111362,5
112852,5
779,5
838,5
926,5
932,5
1203,5
1214,5
2359,5
2971,5
7121,5
27751,5
1219,5
1237,5
7008,5
1,5
780,5
50,5
111,5
296,5
318,5
527,5
541,5
593,5
608,5
858,5
903,5
912,5
1196,5
1208,5
1221,5
1960,5
2019,5
2065,5
2324,5
2325,5
2329,5
2357,5
2858,5
2959,5
4226,5
4865,5
4973,5
4993,5
5952,5
6016,5
79132,5
92259,5
34,5
105,5
349,5
356,5
377,5
593,5
597,5
1356,5
12,5
3949,5
48516,5
86781,5
47,5
50,5
296,5
318,5
356,5
527,5
590,5
1080,5
1089,5
1214,5
1258,5
1619,5
1994,5
2288,5
2324,5
2542,5
2712,5
2858,5
2959,5
3147,5
3471,5
4011,5
4226,5
4993,5
5952,5
5995,5
6502,5
7153,5
49530,5
52328,5
55908,5
56145,5
60069,5
64614,5
68157,5
71535,5
72998,5
74458,5
79132,5
97752,5
98809,5
104841,5
104879,5
106782,5
109487,5
111759,5
118696,5
134130,5
139385,5
1,5
22,5
32,5
34,5
47,5
112,5
161,5
165,5
186,5
223,5
246,5
280,5
293,5
296,5
318,5
319,5
333,5
344,5
457,5
593,5
900,5
901,5
933,5
1198,5
2628,5
2916,5
543,5
720,5
745,5
912,5
1031,5
1080,5
1089,5
1148,5
1208,5
1220,5
1223,5
1246,5
1247,5
1257,5
1270,5
1479,5
1500,5
1527,5
1732,5
2657,5
2692,5
2716,5
2918,5
2959,5
2968,5
3421,5
3435,5
3477,5
3552,5
3809,5
3852,5
3897,5
3949,5
4226,5
4361,5
4642,5
4878,5
4973,5
5103,5
5666,5
5792,5
5992,5
7122,5
7323,5
7361,5
8366,5
8796,5
8874,5
33794,5
35836,5
37384,5
38061,5
44195,5
44889,5
46578,5
48342,5
48774,5
54503,5
55280,5
56921,5
58559,5
59141,5
60293,5
61323,5
62434,5
1,5
17,5
50,5
441,5
527,5
551,5
553,5
858,5
899,5
918,5
920,5
926,5
953,5
1080,5
1104,5
1207,5
1213,5
1221,5
1225,5
1242,5
1246,5
1258,5
1276,5
1285,5
1394,5
1449,5
1704,5
1947,5
2067,5
2081,5
2160,5
2248,5
2686,5
2739,5
2762,5
2804,5
3100,5
3114,5
3897,5
4027,5
4878,5
6380,5
7078,5
7361,5
7669,5
8580,5
26084,5
26471,5
26528,5
31658,5
33154,5
38304,5
40629,5
47999,5
55290,5
55363,5
65188,5
74282,5
81834,5
88125,5
1721,5
5066,5
42728,5
55052,5
1225,5
1246,5
2324,5
4306,5
4995,5
1608,5
1616,5
1617,5
1620,5
1625,5
1687,5
1711,5
1747,5
1754,5
3916,5
46972,5
111,5
296,5
593,5
608,5
858,5
924,5
1193,5
1201,5
1206,5
1208,5
1209,5
1221,5
1258,5
1645,5
1732,5
2288,5
4993,5
5952,5
6987,5
7153,5
56782,5
296,5
1704,5
122918,5
1,5
95,5
376,5
494,5
628,5
780,5
832,5
858,5
1073,5
1704,5
4022,5
5989,5
61024,5
95441,5
119141,5
135861,5
142422,5
1089,5
109487,5
1,5
260,5
304,5
318,5
356,5
500,5
593,5
858,5
899,5
912,5
919,5
923,5
953,5
1028,5
1097,5
1198,5
1207,5
1246,5
1257,5
1302,5
1304,5
1704,5
1954,5
1968,5
2018,5
2078,5
2080,5
2248,5
2355,5
2398,5
2671,5
2716,5
2762,5
2797,5
2804,5
2918,5
3061,5
3088,5
3114,5
3157,5
3360,5
3398,5
3466,5
3471,5
3484,5
3510,5
3751,5
3784,5
3793,5
3798,5
3809,5
3916,5
3978,5
4019,5
4023,5
4025,5
4142,5
4306,5
4447,5
4700,5
296,5
527,5
858,5
1090,5
1193,5
1197,5
1200,5
1208,5
1252,5
1387,5
1610,5
2028,5
1732,5
1884,5
27904,5
296,5
741,5
924,5
1199,5
1206,5
1258,5
1274,5
1748,5
2297,5
2395,5
2571,5
2810,5
3000,5
6365,5
6711,5
6934,5
7361,5
55167,5
56715,5
110127,5
112512,5
6,5
47,5
50,5
198,5
300,5
316,5
318,5
377,5
380,5
457,5
527,5
608,5
858,5
1036,5
1089,5
1172,5
1183,5
1198,5
1200,5
1204,5
1208,5
1210,5
1213,5
1214,5
1215,5
1221,5
1242,5
1261,5
1270,5
1291,5
1357,5
1366,5
1370,5
1387,5
1408,5
1411,5
6,5
25,5
47,5
50,5
111,5
249,5
253,5
265,5
273,5
296,5
305,5
318,5
337,5
364,5
431,5
471,5
475,5
508,5
527,5
551,5
593,5
594,5
596,5
110,5
296,5
380,5
1215,5
1350,5
1356,5
32,5
318,5
1027,5
1196,5
1411,5
2762,5
3256,5
3578,5
4226,5
48385,5
32,5
150,5
161,5
541,5
589,5
648,5
745,5
1148,5
1214,5
1223,5
2011,5
2012,5
3089,5
4226,5
5010,5
5418,5
5445,5
8665,5
38038,5
49272,5
54286,5
59369,5
91535,5
97304,5
98154,5
98961,5
150,5
680,5
924,5
1203,5
1208,5
1214,5
1215,5
1274,5
2117,5
2791,5
3363,5
3421,5
4195,5
4294,5
5288,5
5468,5
6021,5
6303,5
6787,5
7063,5
7756,5
25771,5
42556,5
89745,5
48780,5
79132,5
34,5
110,5
150,5
356,5
457,5
590,5
1,5
2,5
6,5
10,5
19,5
32,5
47,5
70,5
107,5
163,5
165,5
260,5
293,5
296,5
316,5
344,5
353,5
356,5
364,5
367,5
377,5
380,5
442,5
480,5
485,5
541,5
551,5
555,5
588,5
589,5
593,5
720,5
745,5
750,5
799,5
968,5
1036,5
1079,5
1080,5
1136,5
1148,5
1196,5
1198,5
1199,5
1200,5
1201,5
1207,5
1210,5
1213,5
1214,5
1215,5
1220,5
1221,5
1222,5
1223,5
1234,5
1240,5
1261,5
1265,5
1266,5
1270,5
1275,5
1278,5
1291,5
1321,5
1347,5
1356,5
1573,5
1580,5
1589,5
1617,5
1676,5
1722,5
1732,5
1907,5
1954,5
1967,5
1982,5
2003,5
2028,5
2076,5
2083,5
2094,5
2115,5
2124,5
2167,5
2193,5
2288,5
2355,5
2366,5
2394,5
2403,5
2411,5
2455,5
2470,5
2529,5
2617,5
2648,5
2687,5
2700,5
2716,5
2762,5
2916,5
2947,5
2948,5
2949,5
2951,5
2985,5
2987,5
2990,5
3033,5
3052,5
3082,5
3114,5
3175,5
3213,5
3421,5
3429,5
3499,5
3508,5
3527,5
3535,5
3635,5
3671,5
3702,5
3703,5
3740,5
3793,5
3868,5
3916,5
4011,5
4105,5
4226,5
4306,5
4366,5
4571,5
4821,5
4855,5
4886,5
4993,5
5072,5
5254,5
5444,5
5464,5
5618,5
5833,5
5899,5
5903,5
5952,5
5971,5
6323,5
6333,5
6350,5
6539,5
6659,5
6664,5
6711,5
6947,5
7022,5
7044,5
7099,5
7153,5
7373,5
7387,5
7802,5
7981,5
8636,5
8644,5
8798,5
8874,5
8917,5
26662,5
26865,5
27311,5
27773,5
30707,5
31878,5
33794,5
33834,5
34405,5
36529,5
37733,5
38038,5
38061,5
40732,5
40815,5
45081,5
45186,5
45722,5
48394,5
48780,5
48982,5
49272,5
49651,5
51255,5
54001,5
54259,5
54995,5
54997,5
54999,5
57274,5
57669,5
58559,5
59315,5
59369,5
60069,5
64285,5
65514,5
68237,5
68954,5
70286,5
74754,5
78499,5
79132,5
79274,5
82744,5
83134,5
83803,5
84414,5
84944,5
86332,5
86880,5
87232,5
88129,5
88140,5
88744,5
89745,5
90603,5
91094,5
93563,5
93838,5
93840,5
94777,5
95149,5
96737,5
97306,5
97913,5
98124,5
98491,5
98809,5
99813,5
102033,5
102084,5
102125,5
104913,5
106642,5
108795,5
110102,5
111362,5
111759,5
112623,5
112852,5
115149,5
115617,5
119145,5
122892,5
122900,5
122904,5
122912,5
122916,5
122918,5
122920,5
122922,5
122926,5
134853,5
147376,5
152081,5
158238,5
166528,5
167746,5
168248,5
168252,5
172875,5
173145,5
236,5
551,5
661,5
1046,5
1967,5
1968,5
2291,5
2571,5
2762,5
2959,5
3949,5
4787,5
4878,5
4973,5
5299,5
5377,5
5418,5
5618,5
5995,5
6377,5
6863,5
30749,5
31658,5
46578,5
47099,5
48516,5
48774,5
53894,5
54190,5
56367,5
66097,5
69844,5
71057,5
72226,5
72641,5
50,5
260,5
296,5
318,5
527,5
588,5
593,5
750,5
858,5
912,5
1196,5
1198,5
1204,5
1214,5
1219,5
1230,5
1265,5
1721,5
2019,5
2571,5
2948,5
2959,5
3703,5
4226,5
4308,5
4993,5
5952,5
7153,5
44555,5
54001,5
55247,5
58559,5
60069,5
61132,5
64957,5
68157,5
78499,5
79132,5
105504,5
122882,5
1246,5
1293,5
2324,5
2396,5
2436,5
2501,5
2686,5
2762,5
3006,5
296,5
1204,5
3471,5
3543,5
3996,5
4011,5
21,5
150,5
246,5
318,5
337,5
417,5
541,5
589,5
608,5
728,5
750,5
858,5
1196,5
1198,5
1199,5
1204,5
1206,5
1211,5
1213,5
1265,5
1272,5
1288,5
1291,5
1303,5
296,5
296,5
750,5
903,5
912,5
924,5
1206,5
1208,5
1212,5
1230,5
1237,5
1252,5
1263,5
3730,5
4848,5
7099,5
27773,5
4306,5
8360,5
33615,5
53121,5
62999,5
78637,5
95105,5
103335,5
1,5
6,5
62,5
140,5
141,5
260,5
628,5
733,5
736,5
780,5
805,5
832,5
1356,5
308,5
1193,5
1217,5
2291,5
2959,5
4973,5
6350,5
6377,5
7361,5
8254,5
8327,5
9010,5
37729,5
44943,5
25,5
29,5
110,5
111,5
260,5
265,5
293,5
296,5
306,5
308,5
318,5
348,5
356,5
527,5
541,5
555,5
608,5
627,5
750,5
778,5
800,5
858,5
866,5
902,5
903,5
904,5
908,5
910,5
912,5
920,5
923,5
924,5
930,5
953,5
1028,5
1035,5
1036,5
1059,5
1060,5
1089,5
1097,5
1104,5
1131,5
1132,5
1136,5
1148,5
1150,5
1172,5
1175,5
1178,5
1185,5
1193,5
1196,5
1197,5
1199,5
1204,5
1206,5
1208,5
1219,5
1220,5
1225,5
1228,5
1233,5
1245,5
1249,5
1256,5
1258,5
1277,5
1281,5
1282,5
1358,5
1594,5
1639,5
1653,5
1719,5
1748,5
1916,5
1921,5
1952,5
2019,5
2078,5
2080,5
2145,5
2194,5
2275,5
2318,5
2333,5
2502,5
2571,5
2683,5
2686,5
2692,5
2696,5
2797,5
2908,5
2987,5
2997,5
3067,5
3083,5
3089,5
3160,5
3266,5
3267,5
3470,5
3503,5
3683,5
3949,5
3996,5
4144,5
4226,5
4273,5
4278,5
4298,5
4334,5
4848,5
4914,5
4973,5
4993,5
5013,5
5222,5
5417,5
5477,5
5537,5
1198,5
1221,5
2683,5
2706,5
2997,5
293,5
457,5
750,5
1089,5
1198,5
1199,5
1206,5
1291,5
1610,5
2329,5
2571,5
2959,5
2997,5
3793,5
4011,5
4022,5
4226,5
4878,5
4963,5
4993,5
5349,5
5418,5
5669,5
5952,5
6333,5
6365,5
6539,5
6874,5
7153,5
7373,5
7438,5
8636,5
8665,5
8984,5
31696,5
33679,5
33794,5
34405,5
36517,5
44199,5
45722,5
48394,5
49272,5
53125,5
54259,5
54286,5
57669,5
58559,5
59315,5
66934,5
68237,5
68358,5
68848,5
70286,5
73017,5
79132,5
87232,5
89745,5
91529,5
96079,5
98809,5
106489,5
106642,5
110102,5
111362,5
112852,5
122892,5
130518,5
50,5
110,5
208,5
648,5
1,5
293,5
1276,5
123,5
492,5
1230,5
1244,5
32,5
902,5
910,5
914,5
1028,5
1136,5
1197,5
1207,5
2161,5
3000,5
4973,5
5618,5
5971,5
6408,5
8738,5
26147,5
38304,5
59387,5
60069,5
68954,5
81845,5
260,5
296,5
356,5
1196,5
1198,5
1210,5
1270,5
2194,5
2571,5
3578,5
4306,5
5952,5
6333,5
6377,5
6,5
47,5
50,5
260,5
293,5
296,5
318,5
593,5
608,5
778,5
858,5
1196,5
1210,5
2571,5
2959,5
3949,5
44199,5
79132,5
5882,5
61,5
165,5
296,5
377,5
380,5
434,5
500,5
587,5
589,5
593,5
780,5
786,5
1036,5
1084,5
47,5
110,5
296,5
288,5
3676,5
26258,5
26810,5
32587,5
49932,5
59814,5
2125,5
5620,5
33669,5
56949,5
2571,5
2959,5
4993,5
5445,5
5952,5
7153,5
58559,5
59315,5
112556,5
741,5
1198,5
1265,5
1272,5
1291,5
2791,5
3175,5
3552,5
4993,5
5064,5
5952,5
6618,5
7153,5
33794,5
36529,5
41566,5
44191,5
47610,5
48780,5
49272,5
55908,5
58559,5
73017,5
89492,5
91542,5
99112,5
100882,5
101864,5
111759,5
111781,5
122900,5
138036,5
111,5
235,5
296,5
562,5
608,5
858,5
910,5
919,5
968,5
1077,5
1078,5
1136,5
1193,5
1194,5
1197,5
1213,5
1221,5
1225,5
1228,5
1230,5
1234,5
1247,5
1276,5
1304,5
1952,5
2064,5
2109,5
2318,5
2599,5
2795,5
2858,5
3037,5
3362,5
3363,5
3384,5
3421,5
3526,5
3671,5
3760,5
3812,5
3814,5
3836,5
3846,5
290,5
318,5
389,5
549,5
670,5
750,5
903,5
904,5
916,5
922,5
923,5
942,5
1073,5
1131,5
1188,5
1228,5
1235,5
1237,5
1260,5
1276,5
1292,5
1663,5
1734,5
1958,5
2064,5
2065,5
2150,5
2176,5
2184,5
2186,5
2289,5
2300,5
2321,5
2351,5
2915,5
3134,5
3224,5
3468,5
3504,5
3618,5
3730,5
3855,5
3910,5
3925,5
3928,5
3948,5
3983,5
4002,5
4027,5
4077,5
4160,5
4321,5
4334,5
6460,5
1,5
62,5
150,5
246,5
296,5
356,5
480,5
508,5
527,5
553,5
590,5
593,5
648,5
17,5
34,5
858,5
898,5
904,5
908,5
913,5
924,5
933,5
936,5
950,5
951,5
1136,5
1147,5
1197,5
1221,5
1234,5
1252,5
1269,5
1276,5
1278,5
1284,5
1289,5
1304,5
1307,5
1610,5
1617,5
1641,5
1797,5
2108,5
2396,5
2712,5
2759,5
2770,5
2858,5
2935,5
16,5
296,5
318,5
457,5
527,5
593,5
736,5
858,5
1207,5
1704,5
1792,5
2002,5
2028,5
2329,5
2353,5
2502,5
2694,5
2959,5
3147,5
3624,5
3753,5
3916,5
4239,5
4262,5
4299,5
4890,5
4993,5
5574,5
6373,5
6378,5
7293,5
8665,5
35836,5
51662,5
51935,5
64957,5
68157,5
69122,5
71535,5
97304,5
11,5
32,5
34,5
50,5
94,5
110,5
111,5
151,5
223,5
260,5
266,5
290,5
293,5
296,5
318,5
322,5
353,5
356,5
417,5
431,5
457,5
471,5
475,5
497,5
524,5
541,5
555,5
589,5
599,5
608,5
720,5
741,5
745,5
750,5
778,5
858,5
866,5
899,5
903,5
904,5
910,5
912,5
916,5
923,5
924,5
953,5
1035,5
1036,5
1060,5
1079,5
1080,5
1089,5
1090,5
1101,5
1103,5
1136,5
1148,5
1196,5
1197,5
1198,5
1199,5
1200,5
1201,5
1204,5
1206,5
1207,5
1208,5
1210,5
1213,5
1214,5
1217,5
1220,5
1221,5
1222,5
1223,5
1225,5
1231,5
1233,5
1234,5
1240,5
1243,5
1247,5
1249,5
1250,5
1252,5
1257,5
1259,5
1262,5
1266,5
1270,5
1276,5
1277,5
1282,5
1285,5
1290,5
1297,5
1299,5
1304,5
1394,5
1408,5
1500,5
1517,5
1527,5
1587,5
1589,5
1610,5
1617,5
1663,5
1704,5
1711,5
1732,5
1784,5
1923,5
1968,5
2005,5
2019,5
2020,5
2021,5
2028,5
2087,5
2114,5
2134,5
2140,5
2144,5
2193,5
2248,5
2261,5
2302,5
2321,5
2329,5
2395,5
2396,5
2401,5
2457,5
2476,5
2542,5
2571,5
2580,5
2692,5
2706,5
2716,5
2836,5
2858,5
2872,5
2890,5
2918,5
2944,5
2959,5
2997,5
3000,5
3034,5
3081,5
3104,5
3114,5
3160,5
3252,5
3271,5
3275,5
3296,5
3360,5
3363,5
3385,5
3421,5
3481,5
3505,5
3507,5
3508,5
3578,5
3606,5
3740,5
3751,5
3836,5
3897,5
3951,5
3983,5
3996,5
4002,5
4011,5
4022,5
4027,5
4029,5
4103,5
4117,5
4128,5
4226,5
4308,5
4380,5
4499,5
4617,5
4641,5
4718,5
4865,5
4873,5
4878,5
4881,5
4973,5
4975,5
4979,5
4993,5
5010,5
5026,5
5075,5
5137,5
5266,5
5292,5
5328,5
5349,5
5377,5
5416,5
5445,5
5485,5
5577,5
5617,5
5618,5
5650,5
5666,5
5673,5
5902,5
5952,5
5971,5
5991,5
6159,5
6218,5
6370,5
6442,5
7034,5
8784,5
71535,5
78499,5
79132,5
79702,5
88129,5
89904,5
104841,5
106918,5
108932,5
122882,5
127108,5
134130,5
139385,5
142488,5
148626,5
161582,5
168326,5
170705,5
171763,5
174055,5
176371,5
296,5
318,5
356,5
593,5
750,5
858,5
908,5
1193,5
1201,5
1213,5
1221,5
1234,5
2959,5
7361,5
2997,5
4979,5
5951,5
26810,5
46976,5
47,5
296,5
318,5
778,5
858,5
1206,5
1221,5
1258,5
1682,5
1704,5
2329,5
2571,5
2712,5
2959,5
3578,5
4226,5
4306,5
4878,5
4896,5
4975,5
4993,5
4995,5
5952,5
6016,5
6874,5
7153,5
7254,5
27773,5
47099,5
55247,5
68157,5
74458,5
79357,5
84152,5
92259,5
106782,5
115713,5
318,5
778,5
1080,5
1136,5
1207,5
1220,5
1246,5
1276,5
1704,5
2959,5
4878,5
4993,5
5952,5
6711,5
6807,5
7153,5
7361,5
8368,5
102407,5
296,5
318,5
319,5
527,5
778,5
858,5
1089,5
1917,5
2028,5
2700,5
2959,5
7022,5
8464,5
27704,5
33794,5
48780,5
64197,5
67997,5
69860,5
71131,5
81417,5
86668,5
90943,5
97866,5
98809,5
98961,5
899,5
910,5
1136,5
2657,5
318,5
527,5
593,5
953,5
1247,5
2313,5
2324,5
2858,5
2966,5
260,5
318,5
750,5
922,5
1193,5
1213,5
1272,5
1387,5
2728,5
150,5
318,5
356,5
480,5
589,5
1278,5
1653,5
47,5
50,5
628,5
2459,5
2700,5
3176,5
5388,5
74458,5
104879,5
136469,5
293,5
318,5
356,5
778,5
31,5
339,5
356,5
364,5
471,5
500,5
1035,5
1197,5
1441,5
3408,5
4886,5
4896,5
5444,5
5816,5
6377,5
8368,5
8961,5
34405,5
40815,5
69844,5
72641,5
79091,5
81834,5
1208,5
1394,5
4226,5
1639,5
150,5
161,5
168,5
185,5
207,5
252,5
261,5
270,5
289,5
292,5
317,5
339,5
380,5
588,5
590,5
592,5
595,5
318,5
529,5
923,5
1356,5
1680,5
2076,5
2396,5
2501,5
2571,5
2762,5
2858,5
4027,5
4034,5
5445,5
5902,5
555,5
364,5
912,5
1835,5
1873,5
1997,5
3949,5
8533,5
45503,5
57274,5
71379,5
81591,5
91658,5
50,5
296,5
5299,5
164179,5
111,5
150,5
260,5
296,5
480,5
527,5
541,5
608,5
741,5
858,5
1090,5
1136,5
1196,5
1200,5
1214,5
1222,5
1258,5
1265,5
1274,5
1527,5
2028,5
2329,5
2571,5
2716,5
2762,5
2858,5
2959,5
3000,5
4011,5
4226,5
4878,5
4993,5
5225,5
5618,5
5952,5
6016,5
7153,5
48385,5
48394,5
48516,5
48774,5
55820,5
58559,5
68157,5
68237,5
69481,5
70286,5
72226,5
72998,5
216,5
318,5
858,5
1221,5
2023,5
2959,5
4011,5
7438,5
48516,5
48780,5
58559,5
63082,5
34,5
457,5
527,5
720,5
6,5
16,5
125,5
175,5
176,5
223,5
246,5
260,5
272,5
290,5
296,5
300,5
318,5
508,5
527,5
529,5
590,5
608,5
647,5
736,5
800,5
852,5
1090,5
1095,5
1183,5
1204,5
1208,5
1210,5
1213,5
1225,5
1230,5
1234,5
1242,5
1265,5
1293,5
1299,5
6,5
145,5
260,5
318,5
380,5
589,5
1196,5
1210,5
1267,5
1287,5
1356,5
1408,5
1617,5
2571,5
3578,5
3996,5
4846,5
5903,5
6539,5
6548,5
7090,5
8360,5
8949,5
8961,5
34338,5
37830,5
46965,5
51662,5
318,5
356,5
2571,5
4993,5
7153,5
541,5
260,5
296,5
589,5
1198,5
1241,5
1517,5
2571,5
2683,5
2716,5
3253,5
3254,5
4402,5
4571,5
4993,5
5481,5
7153,5
7438,5
8874,5
8917,5
51255,5
58559,5
87529,5
91529,5
318,5
356,5
608,5
5952,5
7153,5
91500,5
96430,5
97921,5
106487,5
106918,5
108190,5
116823,5
50,5
58,5
97,5
111,5
235,5
296,5
353,5
356,5
527,5
593,5
32,5
110,5
260,5
750,5
778,5
1080,5
1136,5
1197,5
1230,5
2571,5
2959,5
4973,5
4993,5
7153,5
92259,5
109374,5
116897,5
17,5
34,5
337,5
508,5
527,5
589,5
593,5
2,5
44,5
110,5
266,5
288,5
293,5
296,5
303,5
318,5
353,5
362,5
368,5
383,5
474,5
531,5
552,5
587,5
588,5
1,5
16,5
260,5
296,5
593,5
599,5
671,5
858,5
1028,5
1031,5
1036,5
1079,5
1080,5
1089,5
1136,5
1147,5
1193,5
1196,5
1198,5
1201,5
1209,5
1210,5
1213,5
1221,5
1227,5
1228,5
1230,5
1250,5
1256,5
1262,5
1270,5
1275,5
1276,5
1288,5
1343,5
1476,5
1953,5
2013,5
2019,5
2289,5
2366,5
2524,5
2716,5
2791,5
2951,5
2968,5
2991,5
3030,5
3114,5
3494,5
3508,5
3671,5
3681,5
3688,5
3868,5
4085,5
4321,5
4327,5
4396,5
4571,5
4623,5
4799,5
4941,5
5490,5
5522,5
5915,5
6016,5
6375,5
7132,5
7247,5
8542,5
8636,5
45728,5
78499,5
132333,5
318,5
110,5
260,5
589,5
1193,5
1206,5
1387,5
1673,5
2028,5
2924,5
3510,5
3972,5
1,5
17,5
25,5
32,5
112,5
593,5
608,5
708,5
805,5
47,5
69,5
110,5
260,5
316,5
337,5
353,5
356,5
380,5
527,5
541,5
552,5
589,5
592,5
608,5
648,5
780,5
858,5
1079,5
1089,5
1097,5
1127,5
1129,5
1136,5
1196,5
1197,5
1198,5
1200,5
1206,5
1221,5
1222,5
1240,5
1259,5
1265,5
1275,5
1343,5
1356,5
1374,5
1376,5
1387,5
1391,5
1394,5
1407,5
1517,5
1573,5
1584,5
1608,5
1616,5
1617,5
1620,5
1641,5
1653,5
1663,5
1676,5
1687,5
1717,5
1732,5
1792,5
1801,5
1909,5
1917,5
1968,5
1997,5
2023,5
2028,5
2115,5
2126,5
2160,5
2167,5
2273,5
2278,5
2338,5
2353,5
2393,5
2396,5
2490,5
2502,5
2533,5
2571,5
2617,5
2657,5
2683,5
2700,5
2706,5
2707,5
2762,5
2763,5
2791,5
2841,5
2871,5
2918,5
3082,5
3101,5
3147,5
3175,5
3219,5
3301,5
3441,5
3527,5
3552,5
3617,5
3623,5
3698,5
3703,5
3704,5
3751,5
3753,5
3996,5
4002,5
4011,5
4014,5
4015,5
4025,5
4027,5
4128,5
4367,5
4643,5
4718,5
4734,5
4855,5
5049,5
5292,5
1,5
32,5
47,5
50,5
110,5
112,5
165,5
224,5
231,5
296,5
300,5
318,5
356,5
357,5
364,5
367,5
368,5
370,5
457,5
466,5
588,5
589,5
778,5
861,5
1020,5
1036,5
1089,5
1136,5
1249,5
1265,5
1307,5
1357,5
1370,5
1405,5
1527,5
1569,5
1573,5
1665,5
1682,5
1732,5
1753,5
1912,5
1917,5
2012,5
2294,5
2321,5
2324,5
2396,5
2502,5
2539,5
2542,5
2571,5
2572,5
2580,5
2582,5
2628,5
2683,5
2700,5
2706,5
2763,5
2858,5
2890,5
2916,5
2959,5
2997,5
3114,5
3175,5
3178,5
3241,5
3247,5
3253,5
3254,5
3326,5
3538,5
3578,5
3751,5
3785,5
3787,5
3869,5
3967,5
3972,5
3996,5
4011,5
4014,5
4015,5
4022,5
4027,5
4034,5
4167,5
4226,5
4235,5
4246,5
4306,5
4308,5
4701,5
4973,5
4995,5
5218,5
5876,5
904,5
1235,5
2858,5
7116,5
318,5
356,5
527,5
587,5
593,5
1,5
260,5
640,5
662,5
733,5
780,5
832,5
1367,5
1393,5
1407,5
110,5
223,5
260,5
733,5
1136,5
1197,5
1374,5
2762,5
2791,5
2959,5
3578,5
3717,5
21,5
27,5
62,5
95,5
110,5
150,5
153,5
161,5
185,5
207,5
222,5
225,5
280,5
292,5
339,5
349,5
356,5
364,5
377,5
454,5
457,5
474,5
480,5
539,5
587,5
595,5
3996,5
5618,5
6377,5
8961,5
48780,5
68954,5
72998,5
99114,5
122922,5
177765,5
318,5
1584,5
3578,5
4993,5
4995,5
5418,5
5952,5
6377,5
6502,5
7143,5
7153,5
8132,5
34405,5
47610,5
48774,5
60069,5
356,5
106782,5
111,5
247,5
858,5
1080,5
1228,5
1241,5
1247,5
1252,5
1276,5
1676,5
1952,5
1954,5
2318,5
3037,5
3468,5
3683,5
6380,5
6611,5
6945,5
8042,5
26131,5
32582,5
73344,5
83827,5
89759,5
100556,5
152711,5
160644,5
162414,5
167064,5
168250,5
187717,5
5952,5
7153,5
47,5
110,5
165,5
260,5
293,5
318,5
356,5
589,5
590,5
593,5
858,5
1036,5
1196,5
1210,5
1221,5
1222,5
1610,5
1617,5
1625,5
2329,5
2571,5
2762,5
2959,5
3100,5
3386,5
3578,5
4022,5
4993,5
5026,5
5952,5
5989,5
7153,5
7458,5
33493,5
72998,5
74727,5
79132,5
111,5
356,5
527,5
541,5
593,5
608,5
750,5
904,5
908,5
912,5
924,5
930,5
933,5
969,5
1089,5
1183,5
1200,5
1208,5
1214,5
1218,5
1219,5
1252,5
1267,5
1269,5
1272,5
1299,5
1344,5
1617,5
1834,5
2028,5
2067,5
2762,5
3334,5
3448,5
3551,5
3671,5
3723,5
5060,5
356,5
4896,5
4963,5
5816,5
47099,5
64716,5
68954,5
111759,5
58,5
527,5
1183,5
1233,5
2324,5
2390,5
39,5
47,5
150,5
590,5
595,5
32,5
110,5
111,5
296,5
318,5
441,5
471,5
529,5
541,5
555,5
608,5
750,5
858,5
903,5
904,5
908,5
909,5
912,5
923,5
924,5
1073,5
1079,5
1080,5
1089,5
1104,5
1127,5
1136,5
1178,5
1193,5
1196,5
1197,5
1199,5
1201,5
1206,5
1208,5
1212,5
1214,5
1221,5
1222,5
1225,5
1227,5
1228,5
1230,5
1235,5
1238,5
1243,5
1244,5
1248,5
1252,5
1258,5
1259,5
1262,5
1265,5
1267,5
1275,5
1287,5
1292,5
1333,5
1387,5
1394,5
1527,5
1584,5
1617,5
1653,5
1719,5
1732,5
1884,5
1934,5
1945,5
1952,5
1953,5
1956,5
1968,5
1997,5
2078,5
2186,5
2194,5
2202,5
2203,5
2278,5
2288,5
2391,5
2476,5
2502,5
2550,5
2762,5
2788,5
2804,5
2858,5
2871,5
2872,5
2901,5
2968,5
2997,5
3020,5
3022,5
3037,5
3068,5
3108,5
3147,5
3152,5
3201,5
3244,5
3358,5
3507,5
3552,5
3681,5
3683,5
3730,5
3813,5
6460,5
110,5
292,5
356,5
380,5
480,5
527,5
587,5
589,5
1,5
2324,5
79702,5
50,5
318,5
858,5
1221,5
48516,5
58559,5
91529,5
95510,5
318,5
3897,5
7361,5
17,5
36,5
318,5
457,5
497,5
515,5
527,5
534,5
595,5
858,5
905,5
906,5
912,5
928,5
969,5
1035,5
1177,5
1188,5
1196,5
1221,5
1247,5
1307,5
1356,5
1617,5
1947,5
1957,5
2171,5
2248,5
2295,5
2324,5
2394,5
2424,5
2565,5
2745,5
2762,5
3044,5
3072,5
3160,5
3176,5
3481,5
3549,5
4226,5
4495,5
4973,5
4993,5
5034,5
5377,5
5952,5
6201,5
6333,5
6385,5
6791,5
7121,5
7153,5
8235,5
8368,5
8636,5
40815,5
43376,5
260,5
329,5
367,5
588,5
589,5
592,5
1196,5
1198,5
1210,5
1270,5
1291,5
1356,5
1527,5
1580,5
1682,5
2011,5
2012,5
2115,5
2617,5
2716,5
3578,5
3793,5
4370,5
4446,5
4896,5
4993,5
5349,5
5378,5
5618,5
5952,5
7153,5
31658,5
40815,5
41566,5
56171,5
69844,5
70286,5
71530,5
81834,5
86332,5
88125,5
92259,5
122904,5
261,5
318,5
356,5
362,5
457,5
588,5
589,5
590,5
595,5
596,5
318,5
356,5
457,5
541,5
589,5
593,5
745,5
750,5
1078,5
1196,5
1208,5
1222,5
1223,5
1274,5
2288,5
3000,5
3347,5
3421,5
3552,5
3994,5
4454,5
4878,5
5060,5
6620,5
8874,5
8914,5
27611,5
31658,5
32587,5
33004,5
48516,5
51709,5
54503,5
57669,5
60069,5
62336,5
66934,5
69757,5
74458,5
79702,5
82242,5
82,5
524,5
838,5
904,5
910,5
915,5
919,5
1220,5
1231,5
1265,5
1278,5
1394,5
1936,5
1968,5
2108,5
2243,5
2583,5
2683,5
2700,5
2891,5
3070,5
3111,5
3244,5
3308,5
3477,5
3671,5
4308,5
4499,5
4886,5
4979,5
4995,5
5135,5
5404,5
101,5
110,5
318,5
348,5
356,5
441,5
480,5
527,5
590,5
858,5
919,5
923,5
1097,5
1136,5
1196,5
1198,5
1203,5
1214,5
1221,5
1225,5
1230,5
1246,5
1258,5
1266,5
1270,5
1291,5
1307,5
1408,5
1653,5
1704,5
1962,5
2115,5
2329,5
2395,5
2502,5
2571,5
2797,5
2804,5
3148,5
3481,5
3618,5
3677,5
3814,5
3897,5
4649,5
4878,5
4979,5
5956,5
5989,5
5995,5
6993,5
8636,5
33162,5
44761,5
46578,5
46970,5
1617,5
1721,5
62,5
316,5
1036,5
1270,5
1374,5
1527,5
2640,5
8360,5
8368,5
8636,5
8961,5
29,5
32,5
296,5
318,5
356,5
527,5
909,5
1080,5
1172,5
1197,5
1199,5
1201,5
1203,5
1262,5
1265,5
1291,5
1653,5
1732,5
1748,5
1967,5
2324,5
2542,5
2723,5
2997,5
3000,5
3174,5
3317,5
4052,5
4467,5
4720,5
4816,5
4973,5
5500,5
5618,5
5902,5
5971,5
6442,5
6713,5
6874,5
7090,5
7147,5
7361,5
8368,5
8607,5
8784,5
27815,5
38061,5
44191,5
48394,5
48780,5
50872,5
51255,5
52885,5
53123,5
54259,5
56251,5
59387,5
60069,5
64614,5
65261,5
65642,5
68954,5
69951,5
71033,5
78499,5
79132,5
81845,5
86882,5
88448,5
94810,5
97938,5
99114,5
104841,5
109487,5
318,5
356,5
364,5
441,5
594,5
595,5
596,5
919,5
998,5
1025,5
1029,5
1032,5
1753,5
2078,5
2081,5
2087,5
2137,5
2329,5
2959,5
3949,5
4975,5
6796,5
33166,5
48516,5
50872,5
54503,5
71268,5
81847,5
93320,5
150,5
161,5
165,5
185,5
292,5
349,5
356,5
380,5
590,5
593,5
6,5
32,5
86,5
110,5
112,5
150,5
153,5
161,5
266,5
293,5
296,5
318,5
329,5
353,5
356,5
457,5
474,5
480,5
494,5
589,5
648,5
733,5
736,5
780,5
27611,5
17,5
318,5
527,5
720,5
838,5
899,5
904,5
910,5
1136,5
1197,5
1207,5
2762,5
3088,5
3451,5
4014,5
4027,5
4306,5
4703,5
4886,5
4973,5
4993,5
5952,5
6377,5
6385,5
7153,5
8360,5
8368,5
902,5
914,5
915,5
918,5
971,5
1096,5
1172,5
1307,5
1339,5
3000,5
4246,5
4973,5
6874,5
7438,5
8533,5
27803,5
48394,5
81591,5
89118,5
89864,5
586,5
1485,5
2953,5
4896,5
5816,5
8529,5
40815,5
54001,5
64969,5
69844,5
81834,5
88125,5
88810,5
9,5
65,5
76,5
88,5
112,5
467,5
647,5
673,5
733,5
737,5
762,5
765,5
780,5
782,5
785,5
786,5
788,5
805,5
832,5
842,5
879,5
886,5
891,5
1042,5
1047,5
1049,5
1405,5
1407,5
1438,5
1476,5
1485,5
1499,5
110,5
260,5
858,5
876,5
1196,5
1221,5
1275,5
1954,5
2571,5
3996,5
4438,5
4441,5
4444,5
4701,5
110,5
260,5
589,5
858,5
1036,5
1196,5
1198,5
1200,5
1214,5
1221,5
1291,5
2028,5
2571,5
3578,5
318,5
1059,5
1172,5
1193,5
1246,5
1247,5
1517,5
1645,5
1704,5
1721,5
1732,5
1917,5
2571,5
2683,5
2959,5
3578,5
3911,5
4369,5
4776,5
4816,5
4963,5
4979,5
4995,5
5110,5
5810,5
5989,5
6874,5
6936,5
6957,5
7254,5
7438,5
8533,5
8641,5
8783,5
8917,5
27773,5
35836,5
45720,5
48516,5
54503,5
58559,5
58998,5
63082,5
67255,5
69122,5
70286,5
72998,5
73290,5
79132,5
80463,5
80489,5
86833,5
88125,5
89492,5
89774,5
91658,5
92535,5
96610,5
97304,5
97921,5
97923,5
97938,5
98154,5
98961,5
99114,5
100383,5
106100,5
106696,5
106782,5
111759,5
112183,5
112556,5
112852,5
115569,5
122904,5
127098,5
134130,5
139385,5
140247,5
140715,5
142488,5
146656,5
148626,5
858,5
904,5
111,5
1193,5
1247,5
2329,5
2762,5
7361,5
68954,5
86781,5
96829,5
109487,5
112183,5
112552,5
62,5
104,5
110,5
150,5
161,5
216,5
231,5
318,5
333,5
339,5
349,5
356,5
364,5
454,5
457,5
588,5
648,5
1202,5
1220,5
1225,5
3681,5
3727,5
4128,5
4642,5
176,5
1175,5
1282,5
1747,5
1784,5
2355,5
2542,5
2700,5
2858,5
2997,5
3114,5
3355,5
4306,5
3,5
18,5
141,5
736,5
780,5
318,5
520,5
1206,5
1250,5
2300,5
2640,5
2746,5
3147,5
3469,5
3471,5
3671,5
147,5
296,5
1213,5
1259,5
1611,5
8042,5
6870,5
47,5
593,5
968,5
1029,5
1241,5
1261,5
2083,5
2959,5
4226,5
6502,5
6731,5
7360,5
7387,5
8874,5
39,5
2541,5
58998,5
61240,5
109487,5
34,5
377,5
4993,5
5952,5
7153,5
133419,5
318,5
527,5
1198,5
2571,5
2959,5
4993,5
7153,5
79132,5
91529,5
92259,5
139385,5
32,5
47,5
50,5
110,5
151,5
165,5
253,5
288,5
296,5
318,5
356,5
457,5
527,5
593,5
260,5
318,5
750,5
920,5
1225,5
260,5
593,5
1196,5
1197,5
1198,5
1200,5
1270,5
1302,5
1387,5
2398,5
3471,5
6979,5
26133,5
52435,5
80463,5
260,5
318,5
356,5
527,5
2028,5
2959,5
3147,5
33794,5
48516,5
48780,5
58559,5
59315,5
60069,5
79132,5
91529,5
112552,5
116797,5
122916,5
122918,5
168252,5
176371,5
260,5
1954,5
3471,5
4306,5
4429,5
34,5
277,5
357,5
500,5
586,5
616,5
1028,5
1035,5
1097,5
1270,5
1282,5
1367,5
2078,5
2953,5
3061,5
5013,5
6942,5
8965,5
41566,5
68954,5
90866,5
137857,5
2289,5
6377,5
318,5
356,5
1704,5
2329,5
3408,5
4025,5
7445,5
51935,5
59369,5
69122,5
88163,5
104211,5
318,5
471,5
541,5
750,5
1136,5
1197,5
1198,5
1200,5
1214,5
1215,5
1234,5
1265,5
1270,5
1278,5
1356,5
1580,5
2010,5
2423,5
2571,5
2617,5
2916,5
3039,5
3745,5
4027,5
4085,5
4973,5
5008,5
7036,5
34048,5
34405,5
59315,5
66934,5
73017,5
81845,5
25,5
608,5
223,5
260,5
296,5
318,5
1214,5
1270,5
2028,5
2858,5
6539,5
27611,5
40148,5
48516,5
49272,5
57504,5
58559,5
60684,5
62849,5
79132,5
79702,5
81845,5
82461,5
86345,5
86347,5
86377,5
89745,5
91658,5
92535,5
99114,5
104069,5
110102,5
112852,5
127098,5
293,5
318,5
364,5
1704,5
1721,5
3147,5
3578,5
4014,5
4973,5
4993,5
4995,5
5618,5
5952,5
5971,5
5989,5
7143,5
7147,5
7153,5
7361,5
8861,5
8970,5
31658,5
31696,5
37729,5
47610,5
55167,5
56174,5
56757,5
57504,5
58559,5
62336,5
65261,5
74458,5
76093,5
91529,5
101962,5
102407,5
103772,5
104283,5
106782,5
116797,5
120130,5
122904,5
150548,5
168252,5
47,5
150,5
151,5
161,5
260,5
349,5
367,5
377,5
457,5
494,5
541,5
589,5
1136,5
1196,5
1197,5
1198,5
1200,5
1225,5
1233,5
1242,5
1266,5
1270,5
1275,5
1278,5
1291,5
1303,5
1374,5
215,5
2324,5
3448,5
3967,5
4027,5
6807,5
46578,5
63876,5
90430,5
92259,5
112290,5
128620,5
34,5
260,5
454,5
480,5
588,5
590,5
593,5
595,5
733,5
919,5
1035,5
1073,5
1097,5
1129,5
1196,5
1198,5
1210,5
1214,5
1258,5
1333,5
1374,5
1387,5
1587,5
1909,5
1961,5
1968,5
1982,5
1997,5
2000,5
2115,5
2118,5
2137,5
2161,5
2193,5
2288,5
2355,5
2450,5
2455,5
2470,5
2471,5
2477,5
2529,5
2657,5
2797,5
2822,5
2872,5
3036,5
3071,5
3147,5
3421,5
3448,5
3499,5
3672,5
3698,5
4016,5
4571,5
4638,5
4896,5
4912,5
5039,5
5060,5
5250,5
5540,5
110,5
356,5
1036,5
1704,5
2278,5
2571,5
3578,5
4011,5
5418,5
55721,5
58559,5
85342,5
32,5
260,5
733,5
786,5
356,5
454,5
457,5
587,5
590,5
260,5
593,5
1198,5
1259,5
1291,5
1961,5
4993,5
5349,5
6,5
110,5
457,5
517,5
527,5
858,5
1200,5
1213,5
1214,5
1233,5
1242,5
1291,5
1343,5
1580,5
1610,5
1721,5
2028,5
2194,5
2571,5
2959,5
3147,5
3703,5
4210,5
1,5
356,5
1215,5
1997,5
2288,5
2571,5
2959,5
3727,5
4105,5
4886,5
4973,5
52281,5
54995,5
57274,5
61240,5
68954,5
80831,5
83134,5
93840,5
103688,5
119145,5
127096,5
1270,5
1682,5
2324,5
2394,5
3948,5
5449,5
5574,5
30825,5
34162,5
47200,5
54004,5
64969,5
71530,5
85367,5
115122,5
122904,5
164367,5
2599,5
2692,5
2700,5
2762,5
2858,5
45,5
110,5
150,5
261,5
272,5
332,5
349,5
356,5
371,5
434,5
516,5
527,5
4954,5
4963,5
5989,5
6539,5
6888,5
8984,5
45722,5
53125,5
53322,5
55765,5
55946,5
58295,5
72998,5
79132,5
80906,5
82053,5
90439,5
105504,5
106782,5
520,5
588,5
595,5
671,5
1035,5
1197,5
3396,5
3675,5
4090,5
5618,5
7888,5
66934,5
68954,5
81845,5
1197,5
4306,5
6377,5
50872,5
54259,5
68954,5
69122,5
71535,5
260,5
296,5
1196,5
1210,5
2028,5
2329,5
32587,5
33493,5
44191,5
48516,5
50,5
110,5
161,5
316,5
349,5
356,5
362,5
457,5
480,5
508,5
539,5
590,5
594,5
648,5
720,5
745,5
47,5
318,5
356,5
364,5
1073,5
1246,5
1527,5
1645,5
2571,5
2700,5
2959,5
4226,5
4306,5
4370,5
4963,5
5299,5
7254,5
8874,5
8958,5
135,5
165,5
231,5
267,5
364,5
377,5
380,5
588,5
595,5
637,5
1036,5
1253,5
1265,5
1270,5
1347,5
1387,5
1388,5
1580,5
1702,5
1917,5
2378,5
2379,5
2380,5
2381,5
2382,5
2421,5
2463,5
2571,5
2762,5
2791,5
2792,5
2858,5
2959,5
3258,5
3301,5
3785,5
3825,5
4226,5
4388,5
4526,5
4886,5
4994,5
5989,5
6287,5
6373,5
6377,5
6482,5
7361,5
33794,5
48385,5
50872,5
60069,5
60408,5
63082,5
70286,5
72998,5
73881,5
83134,5
86882,5
92259,5
101765,5
40,5
62,5
68,5
116,5
619,5
626,5
650,5
736,5
780,5
1042,5
1047,5
1059,5
1105,5
1356,5
1267,5
2605,5
70,5
589,5
1249,5
1673,5
1965,5
2858,5
3316,5
3877,5
3918,5
3939,5
3940,5
3941,5
3942,5
3959,5
541,5
1199,5
1211,5
1273,5
1288,5
1300,5
1394,5
2020,5
2076,5
2858,5
69,5
356,5
733,5
1393,5
2571,5
3916,5
4776,5
5955,5
49910,5
58559,5
293,5
2028,5
2571,5
2959,5
4226,5
48516,5
79132,5
122924,5
59315,5
79132,5
89745,5
109487,5
122904,5
90439,5
92259,5
111659,5
166528,5
166568,5
541,5
1136,5
1196,5
2502,5
4878,5
5747,5
7153,5
6,5
16,5
32,5
296,5
778,5
858,5
1213,5
1221,5
1466,5
1483,5
1729,5
2231,5
2542,5
2858,5
2959,5
3424,5
3897,5
3949,5
4011,5
4034,5
5059,5
5513,5
5989,5
6016,5
7361,5
33166,5
40148,5
44199,5
48516,5
50851,5
55247,5
55765,5
58295,5
170,5
306,5
307,5
527,5
538,5
588,5
593,5
718,5
858,5
899,5
903,5
908,5
912,5
919,5
1022,5
1028,5
1035,5
1088,5
1097,5
1196,5
1207,5
1210,5
1213,5
1225,5
1276,5
1286,5
1380,5
1416,5
1673,5
1674,5
1947,5
2028,5
2080,5
2081,5
2282,5
2324,5
2396,5
2542,5
2571,5
2671,5
2710,5
2858,5
3037,5
3,5
24,5
50,5
104,5
110,5
187,5
260,5
293,5
318,5
333,5
337,5
356,5
419,5
514,5
543,5
587,5
589,5
593,5
608,5
633,5
724,5
778,5
784,5
785,5
913,5
955,5
1031,5
1089,5
1090,5
1097,5
1196,5
1197,5
1200,5
1208,5
1210,5
1213,5
1214,5
1215,5
1240,5
1249,5
1257,5
1258,5
1259,5
1269,5
1275,5
1285,5
1307,5
1320,5
1358,5
1394,5
1476,5
1517,5
1573,5
1584,5
1641,5
1690,5
1711,5
1784,5
1962,5
1968,5
2000,5
2007,5
2018,5
2028,5
2072,5
2133,5
2144,5
2150,5
2160,5
2193,5
2312,5
2329,5
2506,5
2529,5
2530,5
2531,5
2532,5
2571,5
2628,5
2683,5
2706,5
2772,5
2797,5
2804,5
2846,5
2858,5
2889,5
2907,5
2916,5
2948,5
2997,5
3147,5
3175,5
3250,5
3361,5
3448,5
3450,5
3498,5
3524,5
3526,5
3527,5
3534,5
3638,5
3672,5
3673,5
3678,5
3698,5
3701,5
3783,5
3844,5
4002,5
4047,5
6184,5
588,5
4896,5
76093,5
112852,5
165,5
648,5
1036,5
5618,5
597,5
662,5
1073,5
1222,5
1968,5
2297,5
2568,5
3186,5
3824,5
3831,5
4159,5
4306,5
4308,5
4993,5
5064,5
5065,5
5171,5
5329,5
5387,5
5419,5
5420,5
1,5
6,5
34,5
218,5
260,5
265,5
318,5
475,5
480,5
529,5
661,5
745,5
780,5
1527,5
1580,5
110,5
318,5
1196,5
1197,5
1198,5
1250,5
1387,5
1732,5
2716,5
3527,5
3578,5
3740,5
4878,5
4979,5
4993,5
5952,5
7153,5
58559,5
60069,5
296,5
318,5
356,5
364,5
593,5
1197,5
1240,5
1246,5
1259,5
1275,5
1307,5
1347,5
1682,5
1704,5
1784,5
1961,5
1968,5
1982,5
2000,5
2005,5
2232,5
2248,5
2420,5
2485,5
2571,5
2858,5
2918,5
3949,5
4135,5
4306,5
4545,5
4823,5
4995,5
5294,5
5810,5
6870,5
7022,5
44974,5
56757,5
58047,5
61240,5
63082,5
71899,5
88163,5
93840,5
1035,5
1968,5
6732,5
1265,5
1307,5
7451,5
58655,5
60756,5
67734,5
69406,5
88163,5
88405,5
94677,5
104211,5
117590,5
128520,5
32,5
50,5
296,5
527,5
590,5
11,5
17,5
50,5
110,5
141,5
253,5
261,5
265,5
318,5
356,5
454,5
527,5
1916,5
3266,5
3676,5
6818,5
7361,5
8477,5
25771,5
40491,5
56782,5
71899,5
99764,5
109374,5
148881,5
176371,5
50,5
356,5
593,5
1103,5
1104,5
1298,5
2313,5
2863,5
153,5
165,5
296,5
329,5
377,5
253,5
968,5
1258,5
1327,5
1350,5
1387,5
1407,5
1924,5
2513,5
2867,5
3072,5
17,5
21,5
260,5
318,5
457,5
527,5
539,5
590,5
750,5
858,5
904,5
908,5
912,5
924,5
933,5
953,5
969,5
1061,5
1077,5
1079,5
1086,5
1183,5
1193,5
1196,5
1204,5
1208,5
1210,5
1221,5
1225,5
1230,5
1233,5
1234,5
1235,5
1247,5
1250,5
1252,5
1262,5
1267,5
1272,5
1276,5
1287,5
1288,5
1292,5
1304,5
1307,5
1387,5
1610,5
1704,5
1945,5
1950,5
1952,5
1953,5
1956,5
1961,5
1964,5
2020,5
2028,5
2243,5
2336,5
2352,5
2355,5
2670,5
2788,5
2819,5
2917,5
3037,5
3068,5
3073,5
3074,5
3093,5
3104,5
1,5
47,5
50,5
104,5
110,5
163,5
165,5
231,5
260,5
293,5
296,5
333,5
377,5
480,5
500,5
586,5
589,5
780,5
858,5
1036,5
1148,5
1196,5
1198,5
1210,5
1291,5
1485,5
1753,5
2005,5
2028,5
2115,5
2329,5
2542,5
2571,5
2617,5
2761,5
2791,5
2918,5
2959,5
3114,5
3213,5
3527,5
4102,5
4226,5
4239,5
4262,5
4816,5
4993,5
5010,5
5110,5
5349,5
5903,5
6539,5
7153,5
8641,5
8950,5
26471,5
34162,5
35836,5
45722,5
48385,5
48516,5
48780,5
52973,5
54503,5
58559,5
60684,5
61024,5
64839,5
68157,5
70286,5
72998,5
78499,5
79132,5
80463,5
86345,5
86377,5
87232,5
89745,5
91529,5
92535,5
96079,5
96610,5
98809,5
99114,5
102125,5
102445,5
109487,5
111362,5
47,5
110,5
231,5
318,5
344,5
588,5
593,5
296,5
430,5
1259,5
2542,5
2622,5
1479,5
2289,5
260,5
318,5
356,5
480,5
527,5
590,5
858,5
908,5
912,5
920,5
1231,5
1250,5
1262,5
1270,5
1272,5
1287,5
1387,5
1939,5
2028,5
2094,5
2529,5
2947,5
3035,5
3153,5
8533,5
45668,5
49772,5
73017,5
81562,5
81845,5
17,5
110,5
207,5
356,5
364,5
500,5
527,5
595,5
597,5
780,5
838,5
892,5
1569,5
1573,5
1608,5
1653,5
1680,5
1735,5
1923,5
2396,5
2571,5
2599,5
2687,5
3114,5
3176,5
3408,5
32,5
47,5
50,5
70,5
293,5
296,5
318,5
541,5
778,5
1080,5
1089,5
1136,5
1222,5
1884,5
2028,5
2571,5
2858,5
2951,5
2959,5
3556,5
4226,5
5903,5
6300,5
6365,5
6711,5
6874,5
6934,5
8371,5
8949,5
32587,5
33437,5
33493,5
33794,5
34405,5
48774,5
51662,5
51935,5
53996,5
54286,5
318,5
527,5
3147,5
4896,5
5816,5
5995,5
7361,5
2571,5
79091,5
79132,5
81834,5
88125,5
89745,5
92259,5
39,5
2572,5
1,5
10,5
47,5
48,5
60,5
110,5
150,5
158,5
160,5
161,5
165,5
185,5
186,5
203,5
225,5
237,5
257,5
261,5
282,5
292,5
315,5
349,5
350,5
356,5
364,5
377,5
380,5
434,5
440,5
442,5
454,5
474,5
480,5
500,5
508,5
539,5
587,5
589,5
590,5
595,5
736,5
16,5
296,5
428,5
555,5
858,5
1213,5
1228,5
2329,5
2542,5
2959,5
4011,5
4239,5
5103,5
6016,5
27373,5
54503,5
55765,5
68157,5
74458,5
110,5
318,5
589,5
1198,5
1200,5
1374,5
1580,5
1704,5
2011,5
2353,5
2490,5
2571,5
3175,5
3578,5
3753,5
3793,5
4886,5
4993,5
5952,5
6333,5
6539,5
7153,5
8368,5
8665,5
33615,5
45431,5
45499,5
45517,5
47610,5
50872,5
59315,5
59369,5
59784,5
60069,5
62999,5
63859,5
68954,5
76093,5
77561,5
79091,5
86298,5
86880,5
87222,5
93272,5
95167,5
96861,5
98243,5
101142,5
103141,5
106489,5
106696,5
110102,5
112852,5
117851,5
118696,5
120635,5
122886,5
122896,5
122906,5
122918,5
122920,5
122922,5
122926,5
134853,5
135133,5
136556,5
149406,5
152081,5
160438,5
166461,5
168252,5
168418,5
179819,5
187595,5
1,5
32,5
50,5
58,5
236,5
296,5
500,5
515,5
587,5
590,5
628,5
1094,5
1096,5
1172,5
1193,5
1230,5
1270,5
1302,5
1307,5
1544,5
1711,5
1958,5
2151,5
2239,5
2324,5
2336,5
2352,5
2396,5
2436,5
2605,5
2657,5
2716,5
2797,5
2858,5
3037,5
3082,5
3175,5
3260,5
3361,5
3404,5
3418,5
3451,5
6,5
50,5
110,5
223,5
296,5
318,5
457,5
593,5
778,5
25,5
36,5
111,5
246,5
296,5
318,5
337,5
356,5
376,5
527,5
587,5
590,5
593,5
736,5
780,5
260,5
356,5
527,5
594,5
858,5
904,5
908,5
910,5
912,5
919,5
920,5
924,5
940,5
953,5
954,5
1196,5
1198,5
1203,5
1207,5
1219,5
1221,5
1250,5
1253,5
1276,5
1283,5
1945,5
2398,5
2529,5
5952,5
260,5
368,5
1210,5
2571,5
2628,5
2683,5
3114,5
3578,5
3798,5
110,5
150,5
163,5
198,5
339,5
356,5
364,5
380,5
457,5
480,5
500,5
539,5
553,5
588,5
589,5
592,5
593,5
595,5
733,5
780,5
260,5
858,5
912,5
1188,5
1196,5
1296,5
2396,5
3578,5
6218,5
11,5
110,5
160,5
208,5
252,5
339,5
364,5
442,5
480,5
494,5
539,5
552,5
586,5
587,5
589,5
593,5
595,5
597,5
648,5
653,5
786,5
839,5
1036,5
1240,5
1307,5
1393,5
1497,5
1733,5
1835,5
2002,5
2196,5
2269,5
2424,5
2571,5
2671,5
2807,5
2808,5
2906,5
3257,5
4025,5
4069,5
4155,5
4823,5
5066,5
5308,5
5957,5
6006,5
6155,5
6373,5
6549,5
6754,5
6765,5
6994,5
7017,5
7169,5
8636,5
8643,5
8869,5
50,5
265,5
509,5
1199,5
1278,5
1912,5
2396,5
2761,5
2288,5
3000,5
4878,5
5971,5
31658,5
33649,5
57669,5
110102,5
122882,5
122906,5
122916,5
166528,5
167746,5
168252,5
21,5
45,5
50,5
101,5
104,5
110,5
232,5
246,5
260,5
281,5
322,5
348,5
356,5
357,5
441,5
457,5
474,5
480,5
493,5
555,5
589,5
778,5
858,5
904,5
922,5
933,5
953,5
1060,5
1073,5
1079,5
1084,5
1086,5
1090,5
1097,5
1101,5
1124,5
1129,5
1148,5
1171,5
1172,5
1184,5
1186,5
1193,5
1196,5
1197,5
1198,5
1200,5
1204,5
1206,5
1207,5
1208,5
1210,5
1214,5
1221,5
1222,5
1225,5
1228,5
1230,5
1231,5
1234,5
1235,5
1244,5
1246,5
1247,5
1252,5
1257,5
1259,5
1263,5
1265,5
1267,5
1270,5
1272,5
1278,5
1285,5
1288,5
1291,5
1292,5
1296,5
1299,5
1302,5
1304,5
1307,5
1345,5
1350,5
1380,5
1387,5
1394,5
1449,5
1500,5
1517,5
1518,5
1610,5
1617,5
1635,5
1663,5
1673,5
1674,5
1701,5
1704,5
1719,5
1777,5
1912,5
1923,5
1954,5
1955,5
1956,5
1958,5
1961,5
1968,5
1982,5
1997,5
2000,5
2028,5
2064,5
2109,5
2110,5
2114,5
2144,5
2186,5
2194,5
2240,5
2241,5
2243,5
2248,5
2259,5
2288,5
2289,5
2290,5
2302,5
2352,5
2366,5
2367,5
2371,5
2395,5
2396,5
2403,5
2427,5
2522,5
2529,5
2542,5
2599,5
2683,5
2690,5
2706,5
2716,5
2762,5
2791,5
2795,5
2797,5
2804,5
2819,5
2858,5
2871,5
2915,5
2916,5
2918,5
2921,5
2944,5
2948,5
2949,5
2973,5
2987,5
2991,5
3019,5
3039,5
3040,5
3068,5
3072,5
5060,5
5816,5
7361,5
46578,5
54001,5
56367,5
79132,5
101577,5
103543,5
113829,5
114265,5
124851,5
130490,5
112,5
260,5
293,5
296,5
741,5
750,5
924,5
951,5
1089,5
1178,5
1196,5
1200,5
1208,5
1210,5
1214,5
1274,5
1283,5
1732,5
1967,5
2395,5
2427,5
2571,5
2858,5
2959,5
3030,5
3160,5
3435,5
3703,5
3949,5
4973,5
6711,5
6874,5
1073,5
1197,5
1199,5
1206,5
1230,5
1235,5
1244,5
1263,5
1285,5
1967,5
2193,5
2303,5
2936,5
2968,5
3108,5
3814,5
4467,5
4642,5
4993,5
5060,5
5618,5
5902,5
5952,5
6807,5
7153,5
7361,5
8910,5
25947,5
26258,5
26326,5
27731,5
30810,5
31658,5
50,5
318,5
527,5
858,5
904,5
1197,5
1203,5
2028,5
2324,5
2571,5
2959,5
4226,5
4886,5
4993,5
5618,5
5952,5
6377,5
7153,5
8961,5
31658,5
48516,5
50872,5
59315,5
60069,5
68954,5
76093,5
79132,5
109487,5
134853,5
166024,5
170705,5
14,5
39,5
45,5
47,5
50,5
110,5
165,5
260,5
296,5
300,5
318,5
337,5
367,5
373,5
457,5
474,5
475,5
527,5
589,5
593,5
608,5
21,5
28,5
39,5
53,5
85,5
99,5
111,5
162,5
163,5
175,5
194,5
199,5
215,5
232,5
296,5
326,5
334,5
348,5
377,5
390,5
412,5
441,5
495,5
501,5
506,5
509,5
535,5
593,5
599,5
608,5
674,5
858,5
866,5
898,5
903,5
904,5
912,5
913,5
914,5
919,5
923,5
924,5
926,5
931,5
942,5
947,5
955,5
968,5
969,5
994,5
1041,5
1089,5
1103,5
1104,5
1112,5
1176,5
1179,5
1199,5
1201,5
1206,5
1208,5
1211,5
1214,5
1219,5
1221,5
1228,5
1233,5
1236,5
1244,5
1247,5
1252,5
1254,5
1260,5
1263,5
1265,5
1267,5
1278,5
1280,5
1283,5
1310,5
1344,5
1349,5
1354,5
1391,5
1394,5
1407,5
1437,5
1537,5
1573,5
1617,5
1635,5
1639,5
1673,5
1676,5
1699,5
1701,5
1719,5
1732,5
1747,5
1759,5
1809,5
1845,5
1904,5
1912,5
1916,5
1945,5
1947,5
2019,5
2028,5
2066,5
2068,5
2076,5
2159,5
2203,5
2289,5
2395,5
2488,5
2512,5
2551,5
2571,5
2599,5
2600,5
2677,5
2710,5
2731,5
2762,5
2858,5
2908,5
2912,5
2925,5
2935,5
2936,5
2972,5
2997,5
3019,5
3168,5
3201,5
3221,5
3223,5
3224,5
3265,5
3272,5
3303,5
3317,5
3341,5
3365,5
3424,5
3435,5
3473,5
3475,5
3503,5
3531,5
3535,5
3543,5
3556,5
3637,5
3655,5
3683,5
3703,5
3792,5
3996,5
4021,5
4226,5
4235,5
4419,5
4426,5
4432,5
4433,5
4789,5
6184,5
2,5
253,5
288,5
296,5
327,5
366,5
593,5
610,5
611,5
150,5
260,5
1197,5
1210,5
2572,5
2617,5
2791,5
4993,5
5952,5
6539,5
7153,5
232,5
296,5
527,5
541,5
898,5
902,5
905,5
910,5
914,5
924,5
931,5
933,5
994,5
1089,5
1211,5
1244,5
2010,5
2324,5
2360,5
2571,5
2959,5
2997,5
3000,5
3083,5
3310,5
3451,5
4356,5
7099,5
7579,5
7767,5
27815,5
44555,5
63082,5
110,5
150,5
188,5
318,5
366,5
377,5
382,5
457,5
527,5
593,5
736,5
798,5
891,5
919,5
1023,5
1036,5
1097,5
1240,5
1258,5
1259,5
1327,5
1339,5
1370,5
1407,5
1552,5
1625,5
1717,5
1917,5
1968,5
1974,5
1982,5
1997,5
2000,5
2028,5
2097,5
2194,5
2268,5
2398,5
2403,5
2529,5
2571,5
2762,5
2881,5
3020,5
3053,5
3147,5
3347,5
3363,5
3421,5
3476,5
3499,5
3755,5
296,5
858,5
1653,5
1748,5
2231,5
2490,5
2502,5
2571,5
2858,5
2959,5
3949,5
4011,5
5903,5
6365,5
6934,5
7373,5
7439,5
8810,5
8874,5
31696,5
32587,5
51662,5
53996,5
1,5
6,5
47,5
111,5
194,5
215,5
260,5
293,5
296,5
377,5
380,5
407,5
441,5
480,5
541,5
589,5
778,5
784,5
858,5
903,5
904,5
1036,5
1089,5
1136,5
1196,5
1198,5
1200,5
1201,5
1208,5
1209,5
1210,5
1213,5
1218,5
1221,5
1228,5
1240,5
1241,5
1245,5
1247,5
1258,5
1261,5
1270,5
1273,5
1274,5
1279,5
1394,5
1676,5
1682,5
1884,5
1923,5
1953,5
1967,5
2000,5
2028,5
2076,5
2288,5
2571,5
2716,5
2916,5
2924,5
2959,5
2968,5
2985,5
3114,5
3246,5
3265,5
3328,5
3362,5
3424,5
3468,5
3527,5
3578,5
3671,5
3681,5
3897,5
3925,5
3972,5
3996,5
4105,5
4226,5
4437,5
4794,5
4848,5
4878,5
4993,5
5139,5
5673,5
5772,5
5833,5
5909,5
5952,5
5954,5
6016,5
6502,5
6711,5
7022,5
7153,5
7361,5
7387,5
8142,5
8636,5
8874,5
8961,5
26169,5
26401,5
26547,5
26612,5
26681,5
27397,5
27592,5
27722,5
27773,5
30745,5
31364,5
31878,5
38061,5
38095,5
40412,5
42946,5
46578,5
47404,5
48516,5
48774,5
49272,5
50872,5
51255,5
51540,5
51709,5
52952,5
52973,5
54286,5
54503,5
55820,5
56782,5
57669,5
60333,5
61240,5
62336,5
63082,5
68157,5
70946,5
72142,5
73569,5
76091,5
76093,5
78499,5
78836,5
81834,5
86142,5
86898,5
88129,5
89745,5
92420,5
93838,5
93840,5
96610,5
96832,5
100906,5
102125,5
103341,5
106920,5
107406,5
107771,5
109968,5
110501,5
112175,5
112183,5
112290,5
115149,5
115727,5
121231,5
122882,5
122920,5
138632,5
156371,5
158238,5
164179,5
168248,5
168250,5
168252,5
